T0101|A7|1,2,6,20,74,292,1284
T0102|A7|1,2,6,20,70,352,2124
T0103|A7|1,2,6,20,230,1852,15324
T0104|A7|1,2,6,20,70,1452,15324
T0105|A7|1,2,6,-268,-2234,-17028,188124
T0106|A7|1,2,6,20,70,352,2124
T0107|A7|1,2,6,32,166,972,6039
T0108|A7|1,2,6,20,70,452,3324
T0109|A7|1,2,14,68,454,2812,19244
T0110|A7|1,2,6,308,2374,17532,418524
T0111|A7|1,2,12,56,346,2052,13324
T0112|A7|1,2,6,20,70,12,-1956
T0113|A7|1,2,6,26,118,612,3384
T0114|A7|1,2,6,-124,-1082,-8388,18924
T0115|A7|1,2,18,92,742,5052,40724
T0116|A7|1,2,6,68,454,3132,25164
T0117|A7|1,2,6,32,166,972,5964
T0118|A7|1,2,6,20,70,257,984
T0119|A7|1,2,6,20,150,1052,8124
T0120|A7|1,2,6,20,86,412,2364
T0121|A7|1,2,6,20,70,312,1644
T0122|A7|1,2,6,20,230,1852,15324
T0123|A7|1,2,6,44,262,1692,11784
T0124|A7|1,2,-10,-76,-122,892,8444
T0125|A7|1,2,6,20,70,302,1524
T0126|A7|1,2,2,-4,-50,-308,-1276
T0127|A7|1,2,-90,-556,19654,211452,-5194276
T0128|A7|1,2,2,-4,-38,-188,-436
T0129|A7|1,2,18,92,742,5052,40724
T0130|A7|1,2,6,20,70,292,1404
T0131|A7|1,2,6,20,-250,-2948,-27876
T0132|A7|1,2,-6,-52,-2,1452,6724
T0133|A7|1,2,6,20,86,412,2364
T0134|A7|1,2,6,17,46,72,-261
T0135|A7|1,2,38,212,3526,29692,446684
T0136|A7|1,2,6,11,-2,-288,-2451
T0137|A7|1,2,6,92,646,4572,48624
T0138|A7|1,2,6,20,70,1452,15324
T0139|A7|1,2,6,20,62,172,204
T0140|A7|1,2,6,20,70,102,-876
T0141|A7|1,2,6,20,86,412,2364
T0142|A7|1,2,6,164,1222,8892,134124
T0143|A7|1,2,6,14,22,-108,-1416
T0144|A7|1,2,6,-28,-314,-2628,-13236
T0145|A7|1,2,6,2,-74,-828,-5376
T0146|A7|1,2,10,44,238,1292,7444
T0147|A7|1,2,6,29,142,792,4749
T0148|A7|1,2,6,20,74,292,1284
T0149|A7|1,2,6,56,358,2412,20049
T0150|A7|1,2,6,44,262,1692,11484
T0151|A7|1,2,6,56,358,2412,20049
T0152|A7|1,2,30,164,2374,19452,267724
T0153|A7|1,2,6,20,-90,-1348,-13476
T0154|A7|1,2,6,20,70,-948,-13476
T0155|A7|1,2,6,-4,-122,-1188,-7716
T0156|A7|1,2,6,20,70,52,-1476
T0157|A7|1,2,6,20,70,292,1404
T0158|A7|1,2,6,20,70,352,2124
T0159|A7|1,2,6,92,646,4572,44124
T0160|A7|1,2,6,32,166,972,6039
T0161|A7|1,2,30,164,2374,19452,267724
T0162|A7|1,2,14,68,502,3292,25484
T0163|A7|1,2,6,20,70,352,2124
T0164|A7|1,2,6,20,6,-388,-4836
T0165|A7|1,2,6,20,70,52,-1476
T0166|A7|1,2,6,20,-570,-6148,-56676
T0167|A7|1,2,6,20,-10,-548,-6276
T0168|A7|1,2,6,-76,-698,-5508,-17316
T0169|A7|1,2,-90,-556,19654,211452,-5194276
T0170|A7|1,2,6,20,70,52,-1476
T0171|A7|1,2,6,56,358,2412,20049
T0172|A7|1,2,-2,-28,-122,-388,-116
T0173|A7|1,2,-42,-268,4102,48252,-427076
T0174|A7|1,2,6,20,70,1452,15324
T0175|A7|1,2,22,116,1030,7292,62524
T0176|A7|1,2,6,20,-10,-548,-6276
T0177|A7|1,2,6,20,70,552,4524
T0178|A7|1,2,6,20,70,282,1284
T0179|A7|1,2,6,308,2374,17532,418524
T0180|A7|1,2,6,20,70,222,564
T0181|A7|1,2,6,20,70,1452,15324
T0182|A7|1,2,6,20,102,572,3804
T0183|A7|1,2,6,20,230,1852,15324
T0184|A7|1,2,30,164,2374,19452,267724
T0185|A7|1,2,6,20,230,1852,15324
T0186|A7|1,2,6,-28,-314,-2628,-13236
T0187|A7|1,2,12,56,346,2052,13324
T0188|A7|1,2,0,-16,-86,-348,-676
T0189|A7|1,2,6,20,-10,-548,-6276
T0190|A7|1,2,6,92,646,4572,48624
T0191|A7|1,2,6,2,-74,-828,-5376
T0192|A7|1,2,6,8,-26,-468,-3561
T0193|A7|1,2,6,20,70,492,3804
T0194|A7|1,2,6,20,150,1052,8124
T0195|A7|1,2,6,11,-2,-288,-2451
T0196|A7|1,2,6,20,-90,-1348,-13476
T0197|A7|1,2,-42,-268,4102,48252,-427076
T0198|A7|1,2,6,308,2374,17532,418524
T0199|A7|1,2,6,20,78,332,1644
T0200|A7|1,2,6,20,134,892,6684
