T0401|A7|1,2,-2,-28,-122,-388,-116
T0402|A7|1,2,6,92,646,4572,48624
T0403|A7|1,2,6,20,70,232,684
T0404|A7|1,2,6,20,-90,-1348,-13476
T0405|A7|1,2,6,20,-10,-548,-6276
T0406|A7|1,2,54,308,5638,48252,755324
T0407|A7|1,2,6,20,62,172,204
T0408|A7|1,2,6,-76,-698,-5508,-17316
T0409|A7|1,2,6,20,-90,-1348,-13476
T0410|A7|1,2,6,20,-58,-1028,-10596
T0411|A7|1,2,6,20,54,92,-516
T0412|A7|1,2,6,20,70,242,804
T0413|A7|1,2,6,-52,-506,-4068,-13476
T0414|A7|1,2,38,212,3526,29692,446684
T0415|A7|1,2,6,164,1222,8892,134124
T0416|A7|1,2,6,20,50,52,-876
T0417|A7|1,2,18,92,742,5052,40724
T0418|A7|1,2,6,20,30,-148,-2676
T0419|A7|1,2,6,20,70,402,2724
T0420|A7|1,2,6,32,166,972,6039
T0421|A7|1,2,-42,-268,2182,29052,-62276
T0422|A7|1,2,6,20,70,292,1404
T0423|A7|1,2,6,-28,-314,-2628,-13236
T0424|A7|1,2,6,20,-10,-548,-6276
T0425|A7|1,2,4,8,4,-88,-656
T0426|A7|1,2,6,20,70,52,-1476
T0427|A7|1,2,6,20,70,272,1164
T0428|A7|1,2,6,20,70,272,1164
T0429|A7|1,2,6,56,358,2412,20049
T0430|A7|1,2,6,20,70,452,3324
T0431|A7|1,2,30,164,2374,19452,267724
T0432|A7|1,2,6,20,70,102,-876
T0433|A7|1,2,6,56,358,2412,20049
T0434|A7|1,2,6,20,86,412,2364
T0435|A7|1,2,6,-16,-218,-1908,-9876
T0436|A7|1,2,22,116,1222,9212,95164
T0437|A7|1,2,6,20,74,292,1284
T0438|A7|1,2,6,11,-2,-288,-2451
T0439|A7|1,2,6,2,-74,-828,-5376
T0440|A7|1,2,6,20,-570,-6148,-56676
T0441|A7|1,2,-10,-76,-122,892,8444
T0442|A7|1,2,6,92,646,4572,48624
T0443|A7|1,2,6,20,70,242,804
T0444|A7|1,2,6,-76,-698,-5508,-17316
T0445|A7|1,2,6,20,70,852,8124
T0446|A7|1,2,6,-16,-218,-1908,-8751
T0447|A7|1,2,8,32,148,712,3584
T0448|A7|1,2,-18,-124,166,5052,17324
T0449|A7|1,2,-26,-172,1222,16892,-30116
T0450|A7|1,2,6,20,70,222,564
T0451|A7|1,2,6,20,110,652,4524
T0452|A7|1,2,38,212,3526,29692,446684
T0453|A7|1,2,6,20,-90,-1348,-13476
T0454|A7|1,2,-42,-268,4102,48252,-427076
T0455|A7|1,2,6,17,46,72,-261
T0456|A7|1,2,22,116,1030,7292,62524
T0457|A7|1,2,6,20,38,-68,-1956
T0458|A7|1,2,14,68,454,2812,19244
T0459|A7|1,2,6,20,54,92,-516
T0460|A7|1,2,6,2,-74,-828,-5376
T0461|A7|1,2,6,308,2374,17532,418524
T0462|A7|1,2,54,308,7558,67452,1465724
T0463|A7|1,2,-90,-556,19654,211452,-5194276
T0464|A7|1,2,-2,-28,-74,92,2284
T0465|A7|1,2,6,20,70,-348,-6276
T0466|A7|1,2,-90,-556,19654,211452,-5194276
T0467|A7|1,2,4,8,4,-88,-656
T0468|A7|1,2,6,-52,-506,-4068,-8976
T0469|A7|1,2,6,29,142,792,4749
T0470|A7|1,2,6,20,78,332,1644
T0471|A7|1,2,6,92,646,4572,48624
T0472|A7|1,2,10,44,250,1412,8764
T0473|A7|1,2,6,20,70,402,2724
T0474|A7|1,2,6,20,70,292,1404
T0475|A7|1,2,22,116,1030,7292,62524
T0476|A7|1,2,-6,-52,-122,252,4324
T0477|A7|1,2,6,20,70,12,-1956
T0478|A7|1,2,6,20,230,1852,15324
T0479|A7|1,2,6,20,134,892,6684
T0480|A7|1,2,30,164,1894,14652,157324
T0481|A7|1,2,-26,-172,1222,16892,-30116
T0482|A7|1,2,6,11,-2,-288,-2451
T0483|A7|1,2,6,20,70,-348,-6276
T0484|A7|1,2,6,20,-90,-1348,-13476
T0485|A7|1,2,6,20,710,6652,58524
T0486|A7|1,2,6,20,70,552,4524
T0487|A7|1,2,102,596,26566,249852,9343324
T0488|A7|1,2,6,44,262,1692,11484
T0489|A7|1,2,6,11,-2,-288,-2451
T0490|A7|1,2,-2,-28,-122,-388,-116
T0491|A7|1,2,6,32,166,972,5964
T0492|A7|1,2,6,20,230,1852,15324
T0493|A7|1,2,38,212,3526,29692,446684
T0494|A7|1,2,-2,-28,-122,-388,-116
T0495|A7|1,2,6,20,-10,-548,-6276
T0496|A7|1,2,6,20,-250,-2948,-27876
T0497|A7|1,2,6,20,70,192,204
T0498|A7|1,2,6,20,230,1852,15324
T0499|A7|1,2,38,212,3526,29692,446684
T0500|A7|1,2,-10,-76,70,2812,10364
