T0601|B12|1,2,6,20,70,352,2124,16032,124870,930620,6567556,44107032
T0602|B12|1,2,-10,-76,-122,892,8444,44200,46918,-1777684,-15941420,-34848680
T0603|B12|1,2,-90,-556,19654,211452,-5194276,-84728600,1435071558,34197180908,-379534695308,-13613674905576
T0604|B12|1,2,38,212,3526,29692,446684,4652776,66607174,782490092,10976252788,138551429656
T0605|B12|1,2,6,20,66,212,564,632,-6702,-77884,-583844,-3732408
T0606|B12|1,2,6,20,38,-68,-1956,-18968,-142138,-935188,-5540684,-29622888
T0607|B12|1,2,6,20,70,12,-1956,-26808,-255930,-2068180,-14897804,-98262888
T0608|B12|1,2,6,20,70,-48,-2676,-34368,-323130,-2597380,-18420944,-117559968
T0609|B12|1,2,6,-268,-2234,-17028,188124,3531432,46751814,52206572,-4343557964,-108466070568
T0610|B12|1,2,6,-52,-506,-4068,-8976,91632,2172006,19438508,112887076,-187117368
T0611|B12|1,2,6,20,70,492,3804,33672,281670,2165420,15584116,106643352
T0612|B12|1,2,6,20,150,1052,8124,59432,420998,2879084,20062516,144532632
T0613|B12|1,2,6,20,710,6652,58524,451432,4955206,52883948,612081076,6686452632
T0614|B12|1,2,6,20,110,652,4524,31432,212902,1391276,9034996,59313432
T0615|B12|1,2,6,20,70,202,324,-2868,-43130,-392380,-2982344,-20460768
T0616|B12|1,2,6,23,94,432,2139,10992,57726,306752,1642456,8850162
T0617|B12|1,2,6,20,62,172,204,-2168,-26218,-203380,-1337324,-7985448
T0618|B12|1,2,6,32,166,972,5964,36192,222534,1388588,8762356,55903872
T0619|B12|1,2,6,20,86,412,2364,14632,92054,570764,3501076,21413592
T0620|B12|1,2,6,2,-74,-828,-5376,-28068,-89946,107084,4872676,48635292
T0621|B12|1,2,-18,-124,166,5052,17324,-78776,-1172538,-7056148,4423780,636325560
T0622|B12|1,2,6,20,62,172,204,-2168,-26218,-203380,-1337324,-7985448
T0623|B12|1,2,6,20,70,352,2124,16032,124870,930620,6567556,44107032
T0624|B12|1,2,-90,-556,19654,211452,-5194276,-84728600,1435071558,34197180908,-379534695308,-13613674905576
T0625|B12|1,2,6,20,70,352,2124,16032,124870,930620,6567556,44107032
T0626|B12|1,2,6,20,230,1852,15324,115432,909766,7161068,61713076,554471832
T0627|B12|1,2,6,20,70,232,684,912,-9530,-127780,-1084604,-7816488
T0628|B12|1,2,6,20,70,192,204,-4128,-54330,-480580,-3615584,-24690048
T0629|B12|1,2,6,92,646,4572,48624,444432,4204134,44162732,443142436,4589355432
T0630|B12|1,2,6,20,390,3452,29724,227432,2032454,18337772,184205236,1853351832
T0631|B12|1,2,6,20,-570,-6148,-56676,-444568,-1316794,12241388,363709876,5236775832
T0632|B12|1,2,6,20,62,172,204,-2168,-26218,-203380,-1337324,-7985448
T0633|B12|1,2,-2,-28,-122,-388,-116,10376,79174,280556,-56252,-7525384
T0634|B12|1,2,2,-4,-38,-188,-436,1864,23482,113684,233092,-1015496
T0635|B12|1,2,6,-76,-698,-5508,-17316,50472,2044998,21305324,153780916,440835672
T0636|B12|1,2,6,20,110,652,4524,31432,212902,1391276,9034996,59313432
T0637|B12|1,2,6,116,838,6012,59484,520872,4754502,46529516,439292596,4254790872
T0638|B12|1,2,6,-124,-1082,-8388,18924,709032,10681542,61689836,-31601804,-9386157768
T0639|B12|1,2,6,29,142,792,4749,28632,177678,1132220,7339936,48341262
T0640|B12|1,2,6,56,358,2412,18924,142032,1125702,9342380,76962676,645302352
T0641|B12|1,2,6,20,-570,-6148,-56676,-444568,-1316794,12241388,363709876,5236775832
T0642|B12|1,2,6,20,38,-68,-1956,-18968,-142138,-935188,-5540684,-29622888
T0643|B12|1,2,14,68,454,2812,19244,130888,923206,6558188,47358244,344659768
T0644|B12|1,2,-42,-268,4102,48252,-427076,-8762584,34521414,1516708844,550563604,-237286057512
T0645|B12|1,2,6,116,838,6012,59484,520872,4754502,46529516,439292596,4254790872
T0646|B12|1,2,10,44,250,1412,8764,55400,364858,2446100,16753300,116310680
T0647|B12|1,2,6,20,90,452,2724,17432,111878,701804,4337716,26683032
T0648|B12|1,2,2,-4,-38,-188,-436,1864,23482,113684,233092,-1015496
T0649|B12|1,2,10,44,250,1412,8764,55400,364858,2446100,16753300,116310680
T0650|B12|1,2,6,20,70,242,804,2172,1670,-39580,-450104,-3559488
T0651|B12|1,2,6,23,94,432,2139,10992,57726,306752,1642456,8850162
T0652|B12|1,2,6,-4,-122,-1188,-7716,-41928,-164538,-244372,3552436,47314632
T0653|B12|1,2,6,92,646,4572,48624,444432,4204134,44162732,443142436,4589355432
T0654|B12|1,2,2,-4,-38,-188,-436,1864,23482,113684,233092,-1015496
T0655|B12|1,2,6,-52,-506,-4068,-13476,28632,1416006,15039596,109958836,332133672
T0656|B12|1,2,102,596,26566,249852,9343324,116991464,3848486982,58305382892,1754066444020,30356409321240
T0657|B12|1,2,22,116,1222,9212,95164,849704,8804422,85901804,901254292,9246438104
T0658|B12|1,2,6,-16,-218,-1908,-8751,-18618,298638,4345724,37881616,194943432
T0659|B12|1,2,6,2,-74,-828,-5376,-28068,-89946,107084,4872676,48635292
T0660|B12|1,2,30,164,2374,19452,267724,2706440,36384198,414707948,5545913092,67988527224
T0661|B12|1,2,6,-16,-218,-1908,-8751,-18618,298638,4345724,37881616,194943432
T0662|B12|1,2,6,20,70,222,564,-348,-20730,-215980,-1717889,-12046758
T0663|B12|1,2,4,8,4,-88,-656,-3232,-12764,-40312,-84656,49568
T0664|B12|1,2,6,20,38,-68,-1956,-18968,-140794,-910996,-5177804,-25187688
T0665|B12|1,2,6,20,710,6652,58524,451432,4955206,52883948,612081076,6686452632
T0666|B12|1,2,6,20,70,242,804,2172,1670,-39580,-450104,-3559488
T0667|B12|1,2,-18,-124,646,9852,-6676,-683576,-2489658,32457452,347627620,472096440
T0668|B12|1,2,10,44,238,1292,7444,43640,261958,1593836,9820780,61084520
T0669|B12|1,2,6,20,230,1852,15324,115432,909766,7161068,61713076,554471832
T0670|B12|1,2,6,20,70,-348,-6276,-72168,-659130,-5243380,-36135644,-216223368
T0671|B12|1,2,6,20,70,132,-516,-11688,-121530,-1009780,-7396124,-49649928
T0672|B12|1,2,6,20,710,6652,58524,451432,4955206,52883948,612081076,6686452632
T0673|B12|1,2,2,-4,-50,-308,-1276,-3176,1222,67820,467452,2081224
T0674|B12|1,2,6,20,70,-348,-6276,-72168,-659130,-5243380,-36135644,-216223368
T0675|B12|1,2,6,32,166,972,5964,36192,222534,1388588,8762356,55903872
T0676|B12|1,2,6,20,86,412,2364,14632,91718,564716,3410356,20304792
T0677|B12|1,2,6,29,142,792,4749,28632,177678,1132220,7339936,48341262
T0678|B12|1,2,-42,-268,2182,29052,-62276,-2580184,-6497466,164214764,1388251924,-2216402472
T0679|B12|1,2,6,20,102,572,3804,25832,171462,1096940,6877876,42860952
T0680|B12|1,2,6,20,70,492,3804,33672,281670,2165420,15584116,106643352
T0681|B12|1,2,6,20,70,402,2724,22332,180870,1371620,9821731,67188882
T0682|B12|1,2,-26,-172,1222,16892,-30116,-1420312,-3861434,86454764,756269044,-866542312
T0683|B12|1,2,6,20,70,242,804,2172,1670,-39580,-450104,-3559488
T0684|B12|1,2,6,20,70,292,1404,8472,57670,401420,2727796,17844312
T0685|B12|1,2,6,20,70,302,1524,9732,68870,489620,3368056,22228032
T0686|B12|1,2,6,20,70,132,-516,-11688,-121530,-1009780,-7396124,-49649928
T0687|B12|1,2,6,20,70,352,2124,16032,124870,930620,6567556,44107032
T0688|B12|1,2,6,20,70,452,3324,28632,236870,1812620,13015156,88934232
T0689|B12|1,2,6,20,50,52,-876,-10568,-84122,-568276,-3423884,-18619368
T0690|B12|1,2,6,20,86,412,2364,14632,92054,570764,3501076,21413592
T0691|B12|1,2,102,596,26566,249852,9343324,116991464,3848486982,58305382892,1754066444020,30356409321240
T0692|B12|1,2,6,308,2374,17532,418524,4942632,54880326,963954668,13234487476,178880716632
T0693|B12|1,2,-2,-28,-122,-388,-116,10376,79174,280556,-56252,-7525384
T0694|B12|1,2,-42,-268,2182,29052,-62276,-2580184,-6497466,164214764,1388251924,-2216402472
T0695|B12|1,2,6,20,70,12,-1956,-26808,-255930,-2068180,-14897804,-98262888
T0696|B12|1,2,-42,-268,2182,29052,-62276,-2580184,-6497466,164214764,1388251924,-2216402472
T0697|B12|1,2,6,8,-26,-468,-3561,-21558,-103554,-363652,-328424,8569992
T0698|B12|1,2,6,164,1222,8892,134124,1414632,14745798,192423404,2254611316,26990877432
T0699|B12|1,2,22,116,1222,9212,95164,849704,8804422,85901804,901254292,9246438104
T0700|B12|1,2,6,20,70,-348,-6276,-72168,-659130,-5243380,-36135644,-216223368
