T0301|A7|1,2,8,32,148,712,3584
T0302|A7|1,2,-18,-124,166,5052,17324
T0303|A7|1,2,10,44,250,1412,8764
T0304|A7|1,2,6,20,102,572,3804
T0305|A7|1,2,6,23,94,432,2139
T0306|A7|1,2,6,308,2374,17532,418524
T0307|A7|1,2,6,20,-90,-1348,-13476
T0308|A7|1,2,-42,-268,4102,48252,-427076
T0309|A7|1,2,54,308,5638,48252,755324
T0310|A7|1,2,6,20,78,332,1644
T0311|A7|1,2,6,20,70,202,324
T0312|A7|1,2,6,20,70,232,684
T0313|A7|1,2,6,20,74,292,1284
T0314|A7|1,2,6,8,-26,-468,-3561
T0315|A7|1,2,6,20,70,282,1284
T0316|A7|1,2,6,-52,-506,-4068,-13476
T0317|A7|1,2,6,116,838,6012,59484
T0318|A7|1,2,6,20,70,352,2124
T0319|A7|1,2,6,92,646,4572,48624
T0320|A7|1,2,6,20,70,-348,-6276
T0321|A7|1,2,4,8,4,-88,-656
T0322|A7|1,2,30,164,1894,14652,157324
T0323|A7|1,2,6,2,-74,-828,-5376
T0324|A7|1,2,6,20,30,-148,-2676
T0325|A7|1,2,6,308,2374,17532,418524
T0326|A7|1,2,6,11,-2,-288,-2451
T0327|A7|1,2,6,20,70,372,2364
T0328|A7|1,2,18,92,862,6252,59924
T0329|A7|1,2,12,56,346,2052,13324
T0330|A7|1,2,10,44,238,1292,7444
T0331|A7|1,2,6,20,150,1052,8124
T0332|A7|1,2,-10,-76,-122,892,8444
T0333|A7|1,2,-26,-172,1222,16892,-30116
T0334|A7|1,2,-90,-556,19654,211452,-5194276
T0335|A7|1,2,6,-4,-122,-1188,-7716
T0336|A7|1,2,6,26,118,612,3384
T0337|A7|1,2,0,-16,-86,-348,-676
T0338|A7|1,2,6,20,70,102,-876
T0339|A7|1,2,30,164,2374,19452,267724
T0340|A7|1,2,6,11,-2,-288,-2451
T0341|A7|1,2,6,20,50,52,-876
T0342|A7|1,2,-42,-268,2182,29052,-62276
T0343|A7|1,2,6,20,70,152,-276
T0344|A7|1,2,6,20,70,227,624
T0345|A7|1,2,6,20,86,412,2364
T0346|A7|1,2,6,32,166,972,6039
T0347|A7|1,2,10,44,238,1292,7444
T0348|A7|1,2,6,32,166,972,5964
T0349|A7|1,2,102,596,26566,249852,9343324
T0350|A7|1,2,6,-4,-122,-1188,-7716
T0351|A7|1,2,6,-4,-122,-1188,-7716
T0352|A7|1,2,-18,-124,166,5052,17324
T0353|A7|1,2,6,20,90,452,2724
T0354|A7|1,2,6,20,102,572,3804
T0355|A7|1,2,8,32,148,712,3584
T0356|A7|1,2,2,-4,-38,-188,-436
T0357|A7|1,2,6,20,70,302,1524
T0358|A7|1,2,2,-4,-50,-308,-1276
T0359|A7|1,2,6,20,102,572,3804
T0360|A7|1,2,8,32,148,712,3584
T0361|A7|1,2,0,-16,-86,-348,-676
T0362|A7|1,2,6,20,86,412,2364
T0363|A7|1,2,6,92,646,4572,44124
T0364|A7|1,2,30,164,1894,14652,157324
T0365|A7|1,2,6,20,70,257,984
T0366|A7|1,2,6,20,70,282,1284
T0367|A7|1,2,6,20,70,152,-276
T0368|A7|1,2,6,-28,-314,-2628,-13236
T0369|A7|1,2,8,32,148,712,3584
T0370|A7|1,2,-18,-124,646,9852,-6676
T0371|A7|1,2,6,20,66,212,564
T0372|A7|1,2,6,2,-74,-828,-5376
T0373|A7|1,2,-42,-268,4102,48252,-427076
T0374|A7|1,2,-10,-76,70,2812,10364
T0375|A7|1,2,6,20,70,372,2364
T0376|A7|1,2,18,92,742,5052,40724
T0377|A7|1,2,6,20,38,-68,-1956
T0378|A7|1,2,6,20,70,232,684
T0379|A7|1,2,54,308,7558,67452,1465724
T0380|A7|1,2,6,20,70,192,204
T0381|A7|1,2,6,20,70,352,2124
T0382|A7|1,2,18,92,742,5052,40724
T0383|A7|1,2,6,20,-90,-1348,-13476
T0384|A7|1,2,6,20,70,257,984
T0385|A7|1,2,6,20,70,492,3804
T0386|A7|1,2,6,20,38,-68,-1956
T0387|A7|1,2,6,20,70,292,1404
T0388|A7|1,2,6,20,198,1532,12444
T0389|A7|1,2,6,20,70,232,684
T0390|A7|1,2,6,20,86,412,2364
T0391|A7|1,2,38,212,3526,29692,446684
T0392|A7|1,2,6,20,230,1852,15324
T0393|A7|1,2,6,20,66,212,564
T0394|A7|1,2,6,20,70,292,1404
T0395|A7|1,2,6,92,646,4572,48624
T0396|A7|1,2,6,17,46,72,-261
T0397|A7|1,2,22,116,1222,9212,95164
T0398|A7|1,2,-6,-52,-122,252,4324
T0399|A7|1,2,10,44,250,1412,8764
T0400|A7|1,2,6,20,70,277,1224
