T0501|B12|1,2,6,20,30,-148,-2676,-24568,-179098,-1148884,-6488204,-31291368
T0502|B12|1,2,6,20,230,1852,15324,115432,861382,6290156,48649396,394804632
T0503|B12|1,2,6,20,70,292,1404,8472,57670,401420,2727796,17844312
T0504|B12|1,2,6,-124,-1082,-8388,18924,709032,10681542,61689836,-31601804,-9386157768
T0505|B12|1,2,-26,-172,1222,16892,-30116,-1420312,-3861434,86454764,756269044,-866542312
T0506|B12|1,2,6,20,150,1052,8124,59432,420998,2879084,20062516,144532632
T0507|B12|1,2,6,20,230,1852,15324,115432,909766,7161068,61713076,554471832
T0508|B12|1,2,-10,-76,70,2812,10364,-36440,-625082,-4067860,25300,338721880
T0509|B12|1,2,-6,-52,-122,252,4324,29528,78726,-681364,-8138612,-27810264
T0510|B12|1,2,6,29,142,792,4749,28632,177678,1132220,7339936,48341262
T0511|B12|1,2,6,20,102,572,3804,25832,171462,1096940,6877876,42860952
T0512|B12|1,2,6,20,86,412,2364,14632,91718,564716,3410356,20304792
T0513|B12|1,2,6,56,358,2412,20049,157782,1314702,11627516,101402896,906674232
T0514|B12|1,2,-2,-28,-122,-388,-116,10376,79174,280556,-56252,-7525384
T0515|B12|1,2,6,23,94,432,2139,10992,57726,306752,1642456,8850162
T0516|B12|1,2,6,20,70,242,804,2172,1670,-39580,-450104,-3559488
T0517|B12|1,2,6,32,166,972,6039,37242,235134,1519292,9958936,66187992
T0518|B12|1,2,6,56,358,2412,18924,142032,1125702,9342380,76962676,645302352
T0519|B12|1,2,6,20,70,302,1524,9732,68870,489620,3368056,22228032
T0520|B12|1,2,6,23,94,432,2139,10992,57726,306752,1642456,8850162
T0521|B12|1,2,6,32,166,972,5964,36192,222534,1388588,8762356,55903872
T0522|B12|1,2,6,20,70,52,-1476,-21768,-211130,-1715380,-12386444,-81820968
T0523|B12|1,2,6,20,70,232,684,912,-9530,-127780,-1084604,-7816488
T0524|B12|1,2,6,20,86,412,2364,14632,91718,564716,3410356,20304792
T0525|B12|1,2,6,20,78,332,1644,9032,52182,304652,1767316,10135512
T0526|B12|1,2,6,20,38,-68,-1956,-18968,-142138,-935188,-5540684,-29622888
T0527|B12|1,2,6,20,-90,-1348,-13476,-108568,-658234,-2999572,-379724,192052632
T0528|B12|1,2,6,-52,-506,-4068,-8976,91632,2172006,19438508,112887076,-187117368
T0529|B12|1,2,6,20,-250,-2948,-27876,-220568,-1103546,-1983508,60019636,1128513432
T0530|B12|1,2,6,44,262,1692,11784,79872,563238,4108844,30203716,224976072
T0531|B12|1,2,6,20,70,-948,-13476,-147768,-1331130,-10535380,-68892044,-354744168
T0532|B12|1,2,6,17,46,72,-261,-3708,-26946,-159112,-831944,-3946578
T0533|B12|1,2,4,8,4,-88,-656,-3232,-12764,-40312,-84656,49568
T0534|B12|1,2,6,20,198,1532,12444,93032,690246,5016044,38569396,311253912
T0535|B12|1,2,6,20,38,-68,-1956,-18968,-140794,-910996,-5177804,-25187688
T0536|B12|1,2,6,20,710,6652,58524,451432,4955206,52883948,612081076,6686452632
T0537|B12|1,2,6,20,86,412,2364,14632,91718,564716,3410356,20304792
T0538|B12|1,2,6,-76,-698,-5508,-17316,50472,2044998,21305324,153780916,440835672
T0539|B12|1,2,6,-28,-314,-2628,-13236,-43608,182214,4145132,41602036,272662392
T0540|B12|1,2,10,44,238,1292,7444,43640,261958,1593836,9820780,61084520
T0541|B12|1,2,6,26,118,612,3384,18972,107622,615788,3551236,20653932
T0542|B12|1,2,6,20,66,212,564,632,-6702,-77884,-583844,-3732408
T0543|B12|1,2,6,23,94,432,2139,10992,57726,306752,1642456,8850162
T0544|B12|1,2,6,20,70,282,1284,7212,46470,313220,2092351,13566522
T0545|B12|1,2,6,20,70,492,3804,33672,281670,2165420,15584116,106643352
T0546|B12|1,2,6,20,70,552,4524,41232,348870,2694620,19681456,138572832
T0547|B12|1,2,6,20,150,1052,8124,59432,433094,3096812,23328436,184449432
T0548|B12|1,2,6,38,214,1332,9024,60132,418086,3014156,21956836,162338772
T0549|B12|1,2,6,20,78,332,1644,9032,52182,304652,1767316,10135512
T0550|B12|1,2,6,20,70,52,-1476,-21768,-211130,-1715380,-12386444,-81820968
T0551|B12|1,2,6,44,262,1692,11784,79872,563238,4108844,30203716,224976072
T0552|B12|1,2,6,20,30,-148,-2676,-24568,-179098,-1148884,-6488204,-31291368
T0553|B12|1,2,6,56,358,2412,20049,157782,1314702,11627516,101402896,906674232
T0554|B12|1,2,54,308,7558,67452,1465724,16833448,338061126,4539129836,87034522708,1293493599576
T0555|B12|1,2,6,8,-26,-468,-3636,-22608,-116154,-484948,-1336844,1390512
T0556|B12|1,2,6,8,-26,-468,-3636,-22608,-116154,-484948,-1336844,1390512
T0557|B12|1,2,6,20,70,12,-1956,-26808,-255930,-2068180,-14897804,-98262888
T0558|B12|1,2,6,8,-26,-468,-3636,-22608,-116154,-484948,-1336844,1390512
T0559|B12|1,2,18,92,742,5052,40724,313336,2581254,21099884,177852124,1504241928
T0560|B12|1,2,6,20,-10,-548,-6276,-52568,-350906,-1983508,-7717964,3239832
T0561|B12|1,2,6,20,710,6652,58524,451432,4955206,52883948,612081076,6686452632
T0562|B12|1,2,22,116,1222,9212,95164,849704,8804422,85901804,901254292,9246438104
T0563|B12|1,2,6,20,-58,-1028,-10596,-86168,-564154,-3112468,-11104844,21318552
T0564|B12|1,2,6,20,70,402,2724,22332,180870,1371620,9821731,67188882
T0565|B12|1,2,102,596,26566,249852,9343324,116991464,3848486982,58305382892,1754066444020,30356409321240
T0566|B12|1,2,6,20,70,52,-1476,-21768,-211130,-1715380,-12386444,-81820968
T0567|B12|1,2,-10,-76,-122,892,8444,44200,46918,-1777684,-15941420,-34848680
T0568|B12|1,2,6,20,70,277,1224,6582,40870,269120,1774381,11422182
T0569|B12|1,2,6,20,70,202,324,-2868,-43130,-392380,-2982344,-20460768
T0570|B12|1,2,6,20,70,257,984,4062,18470,92720,502321,2840862
T0571|B12|1,2,18,92,862,6252,59924,514936,5056734,47595164,478825804,4753326888
T0572|B12|1,2,6,20,74,292,1284,6232,32498,176132,968476,5328072
T0573|B12|1,2,6,20,150,1052,8124,59432,420998,2879084,20062516,144532632
T0574|B12|1,2,-18,-124,166,5052,17324,-78776,-1172538,-7056148,4423780,636325560
T0575|B12|1,2,6,-4,-122,-1188,-7716,-41928,-164538,-244372,3552436,47314632
T0576|B12|1,2,6,20,70,152,-276,-9168,-99130,-833380,-6133244,-41270568
T0577|B12|1,2,6,20,62,172,204,-2168,-26218,-203380,-1337324,-7985448
T0578|B12|1,2,-2,-28,-122,-388,-116,10376,79174,280556,-56252,-7525384
T0579|B12|1,2,6,-4,-122,-1188,-7716,-41928,-164538,-244372,3552436,47314632
T0580|B12|1,2,6,20,70,152,-276,-9168,-99130,-833380,-6133244,-41270568
T0581|B12|1,2,6,20,150,1052,8124,59432,433094,3096812,23328436,184449432
T0582|B12|1,2,10,44,238,1292,7444,43640,261958,1593836,9820780,61084520
T0583|B12|1,2,6,20,70,402,2724,22332,180870,1371620,9821731,67188882
T0584|B12|1,2,6,20,710,6652,58524,451432,4955206,52883948,612081076,6686452632
T0585|B12|1,2,6,23,94,432,2139,10992,57726,306752,1642456,8850162
T0586|B12|1,2,6,20,70,852,8124,79032,684870,5340620,40069156,296042232
T0587|B12|1,2,6,20,710,6652,58524,451432,4955206,52883948,612081076,6686452632
T0588|B12|1,2,6,20,70,402,2724,22332,180870,1371620,9821731,67188882
T0589|B12|1,2,6,11,-2,-288,-2451,-15468,-76338,-278980,-355424,5460402
T0590|B12|1,2,6,20,-90,-1348,-13476,-108568,-658234,-2999572,-379724,192052632
T0591|B12|1,2,6,20,70,242,804,2172,1670,-39580,-450104,-3559488
T0592|B12|1,2,10,44,238,1292,7444,43640,261958,1593836,9820780,61084520
T0593|B12|1,2,-42,-268,2182,29052,-62276,-2580184,-6497466,164214764,1388251924,-2216402472
T0594|B12|1,2,6,20,70,202,324,-2868,-43130,-392380,-2982344,-20460768
T0595|B12|1,2,6,20,70,272,1164,5952,35270,225020,1455556,9259032
T0596|B12|1,2,-26,-172,1222,16892,-30116,-1420312,-3861434,86454764,756269044,-866542312
T0597|B12|1,2,6,20,86,412,2364,14632,92054,570764,3501076,21413592
T0598|B12|1,2,6,20,150,1052,8124,59432,420998,2879084,20062516,144532632
T0599|B12|1,2,10,44,238,1292,7444,43640,261958,1593836,9820780,61084520
T0600|B12|1,2,6,20,54,92,-516,-7768,-64746,-445300,-2708204,-14828328
