=== window 7 ===
T01: 1, 2, 6, 20, 70, 232, 684
T02: 1, 2, 6, 20, 70, 152, -276
T03: 1, 2, 6, 20, 710, 6652, 58524
T04: 1, 2, 6, 20, -58, -1028, -10596
T05: 1, 2, 10, 44, 250, 1412, 8764
T06: 1, 2, -18, -124, 166, 5052, 17324
T07: 1, 2, 0, -16, -86, -348, -676
T08: 1, 2, -2, -28, -74, 92, 2284
T09: 1, 2, 6, -52, -506, -4068, -13476
T10: 1, 2, 6, -4, -122, -1188, -7416
T11: 1, 2, -2, -28, -74, 92, 2284
T12: 1, 2, -26, -172, 1222, 16892, -30116
T13: 1, 2, 6, -28, -314, -2628, -13236
T14: 1, 2, 6, 20, 70, 152, -276
T15: 1, 2, 6, -124, -1082, -8388, 18924
T16: 1, 2, 6, 20, -10, -548, -6276
T17: 1, 2, 6, 20, 74, 292, 1284
T18: 1, 2, 6, -52, -506, -4068, -8976
T19: 1, 2, 6, 8, -26, -468, -3561
T20: 1, 2, 6, 20, 390, 3452, 29724
T21: 1, 2, 6, 2, -74, -828, -5376
T22: 1, 2, 6, -4, -122, -1188, -7716
T23: 1, 2, -42, -268, 4102, 48252, -427076
T24: 1, 2, 6, 2, -74, -828, -5376
T25: 1, 2, 6, 20, 70, 222, 564
