=== window 5 ===
T01: 1, 2, 6, 20, 70
T02: 1, 2, 6, 20, -250
T03: 1, 2, -2, -28, -74
T04: 1, 2, 6, 20, 66
T05: 1, 2, 6, 20, 70
T06: 1, 2, 6, 20, 30
T07: 1, 2, 6, 20, 6
T08: 1, 2, 6, 20, -250
T09: 1, 2, 6, -4, -122
T10: 1, 2, -26, -172, 1222
T11: 1, 2, 6, 20, 150
T12: 1, 2, 6, 20, -58
T13: 1, 2, 6, -16, -218
T14: 1, 2, 6, -52, -506
T15: 1, 2, 6, 2, -74
T16: 1, 2, -42, -268, 2182
T17: 1, 2, 54, 308, 5638
T18: 1, 2, -10, -76, 70
T19: 1, 2, 6, 8, -26
T20: 1, 2, 6, 14, 22
T21: 1, 2, 6, 20, -250
T22: 1, 2, 4, 8, 4
T23: 1, 2, 6, 11, -2
T24: 1, 2, -42, -268, 2182
T25: 1, 2, -6, -52, -122
