=== window 6 ===
T01: 1, 2, 6, 2, -74, -828
T02: 1, 2, 6, -16, -218, -1908
T03: 1, 2, 6, 20, -90, -1348
T04: 1, 2, 6, 20, -58, -1028
T05: 1, 2, -26, -172, 1222, 16892
T06: 1, 2, 6, 20, 70, 452
T07: 1, 2, 6, -4, -122, -1188
T08: 1, 2, 6, -124, -1082, -8388
T09: 1, 2, -2, -28, -122, -388
T10: 1, 2, 6, 8, -26, -468
T11: 1, 2, 6, 116, 838, 6012
T12: 1, 2, -42, -268, 2182, 29052
T13: 1, 2, 4, 8, 4, -88
T14: 1, 2, -10, -76, -122, 892
T15: 1, 2, 6, 20, 70, 242
T16: 1, 2, 6, 20, -570, -6148
T17: 1, 2, -42, -268, 2182, 29052
T18: 1, 2, 6, -52, -506, -4068
T19: 1, 2, 6, 20, 70, 227
T20: 1, 2, -2, -28, -122, -388
T21: 1, 2, 6, -16, -218, -1908
T22: 1, 2, 6, 20, 54, 92
T23: 1, 2, -6, -52, -2, 1452
T24: 1, 2, -6, -52, -122, 252
T25: 1, 2, -42, -268, 4102, 48252
