=== W10 ===
T001: 1, 2, 6, 116, 838, 6012, 59484, 520872, 4754502, 46529516
T002: 1, 2, 6, 20, 38, -68, -1956, -18968, -140794, -910996
T003: 1, 2, 6, 20, 70, 212, 444, -1608, -31930, -304180
T004: 1, 2, 6, 20, 230, 1852, 15324, 115432, 861382, 6290156
T005: 1, 2, 6, 20, 6, -388, -4836, -41368, -288186, -1757716
T006: 1, 2, 6, 20, 198, 1532, 12444, 93032, 690246, 5016044
T007: 1, 2, 6, 20, 102, 572, 3804, 25832, 171462, 1096940
T008: 1, 2, 6, 20, -10, -548, -6276, -52568, -363002, -2201236
T009: 1, 2, 6, -52, -506, -4068, -13476, 28632, 1416006, 15039596
T010: 1, 2, 6, 20, -570, -6148, -56676, -444568, -1316794, 12241388
T011: 1, 2, 6, 20, 70, 102, -876, -15468, -155130, -1274380
T012: 1, 2, 6, 20, 70, 132, -516, -11688, -121530, -1009780
T013: 1, 2, 6, 20, 150, 1052, 8124, 59432, 420998, 2879084
T014: 1, 2, 6, 20, 150, 1052, 8124, 59432, 420998, 2879084
T015: 1, 2, 6, 20, 150, 1052, 8124, 59432, 420998, 2879084
T016: 1, 2, -2, -28, -122, -388, -116, 10376, 79174, 280556
T017: 1, 2, 6, 20, 70, -48, -2676, -34368, -323130, -2597380
T018: 1, 2, -18, -124, 166, 5052, 17324, -78776, -1172538, -7056148
T019: 1, 2, 6, 20, 50, 52, -876, -10568, -84122, -568276
T020: 1, 2, -6, -52, -122, 252, 4324, 29528, 78726, -681364
T021: 1, 2, 6, 20, -90, -1348, -13476, -108568, -706618, -3870484
T022: 1, 2, -18, -124, 166, 5052, 17324, -78776, -1172538, -7056148
T023: 1, 2, 22, 116, 1222, 9212, 95164, 849704, 8804422, 85901804
T024: 1, 2, 6, 20, 70, 372, 2364, 18552, 147270, 1107020
T025: 1, 2, -10, -76, 70, 2812, 10364, -36440, -625082, -4067860
=== W12 ===
T001: 1, 2, 30, 164, 1894, 14652, 157324, 1429640, 15122118, 149402348, 1587779332, 16441872504
T002: 1, 2, 18, 92, 742, 5052, 40724, 313336, 2581254, 21099884, 177852124, 1504241928
T003: 1, 2, 6, 308, 2374, 17532, 418524, 4942632, 54880326, 963954668, 13234487476, 178880716632
T004: 1, 2, 6, 20, 150, 1052, 8124, 59432, 433094, 3096812, 23328436, 184449432
T005: 1, 2, 6, 20, 70, 247, 864, 2802, 7270, 4520, -132719, -1428018
T006: 1, 2, 6, 20, 150, 1052, 8124, 59432, 420998, 2879084, 20062516, 144532632
T007: 1, 2, 14, 68, 454, 2812, 19244, 130888, 923206, 6558188, 47358244, 344659768
T008: 1, 2, 6, 20, 70, 552, 4524, 41232, 348870, 2694620, 19681456, 138572832
T009: 1, 2, 6, 20, 70, 402, 2724, 22332, 180870, 1371620, 9821731, 67188882
T010: 1, 2, 6, 20, 38, -68, -1956, -18968, -142138, -935188, -5540684, -29622888
T011: 1, 2, 6, 20, 70, 262, 1044, 4692, 24070, 136820, 819976, 4978272
T012: 1, 2, 6, 20, 70, 272, 1164, 5952, 35270, 225020, 1455556, 9259032
T013: 1, 2, 6, 20, 70, 352, 2124, 16032, 124870, 930620, 6567556, 44107032
T014: 1, 2, 14, 68, 454, 2812, 19244, 130888, 923206, 6558188, 47358244, 344659768
T015: 1, 2, 30, 164, 2374, 19452, 267724, 2706440, 36384198, 414707948, 5545913092, 67988527224
T016: 1, 2, 6, 20, 70, 152, -276, -9168, -99130, -833380, -6133244, -41270568
T017: 1, 2, 6, 20, 70, 402, 2724, 22332, 180870, 1371620, 9821731, 67188882
T018: 1, 2, 6, 20, 70, 192, 204, -4128, -54330, -480580, -3615584, -24690048
T019: 1, 2, 6, 20, 70, 402, 2724, 22332, 180870, 1371620, 9821731, 67188882
T020: 1, 2, -90, -556, 19654, 211452, -5194276, -84728600, 1435071558, 34197180908, -379534695308, -13613674905576
T021: 1, 2, 6, 20, 150, 1052, 8124, 59432, 420998, 2879084, 20062516, 144532632
T022: 1, 2, 6, 20, 86, 412, 2364, 14632, 91718, 564716, 3410356, 20304792
T023: 1, 2, -2, -28, -122, -388, -116, 10376, 79174, 280556, -56252, -7525384
T024: 1, 2, 4, 8, 4, -88, -656, -3232, -12764, -40312, -84656, 49568
T025: 1, 2, 6, 20, 70, 52, -1476, -21768, -211130, -1715380, -12386444, -81820968
=== W16 ===
T001: 1, 2, 6, -16, -218, -1908, -8751, -18618, 298638, 4345724, 37881616, 194943432
T002: 1, 2, 6, 44, 262, 1692, 11484, 75672, 512838, 3567212, 25041076, 177630312
T003: 1, 2, 6, 116, 838, 6012, 59484, 520872, 4754502, 46529516, 439292596, 4254790872
T004: 1, 2, 22, 116, 1030, 7292, 62524, 500264, 4315462, 36582380, 320162452, 2798417624
T005: 1, 2, 6, 20, 90, 452, 2724, 17432, 111878, 701804, 4337716, 26683032
T006: 1, 2, 6, 20, 70, 277, 1224, 6582, 40870, 269120, 1774381, 11422182
T007: 1, 2, 6, -4, -122, -1188, -7416, -37728, -114138, 221996, 7209796, 69823272
T008: 1, 2, 6, 92, 646, 4572, 44124, 381432, 3448134, 33441644, 313770676, 3022288392
T009: 1, 2, 6, 20, 70, 257, 984, 4062, 18470, 92720, 502321, 2840862
T010: 1, 2, 6, -4, -122, -1188, -7716, -41928, -164538, -244372, 3552436, 47314632
T011: 1, 2, 6, 20, -10, -548, -6276, -52568, -363002, -2201236, -10983884, -36676968
T012: 1, 2, 6, 20, 6, -388, -4836, -41368, -288186, -1757716, -8846924, -30383208
T013: 1, 2, 6, 20, -90, -1348, -13476, -108568, -706618, -3870484, -13443404, 32385432
T014: 1, 2, -10, -76, -122, 892, 8444, 44200, 46918, -1777684, -15941420, -34848680
T015: 1, 2, 6, 2, -74, -828, -5376, -28068, -89946, 107084, 4872676, 48635292
T016: 1, 2, 6, 20, 70, 257, 984, 4062, 18470, 92720, 502321, 2840862
T017: 1, 2, 6, 20, 70, 232, 684, 912, -9530, -127780, -1084604, -7816488
T018: 1, 2, 6, 20, 150, 1052, 8124, 59432, 433094, 3096812, 23328436, 184449432
T019: 1, 2, 6, 92, 646, 4572, 44124, 381432, 3448134, 33441644, 313770676, 3022288392
T020: 1, 2, 6, 20, 70, 242, 804, 2172, 1670, -39580, -450104, -3559488
T021: 1, 2, 14, 68, 454, 2812, 19244, 130888, 923206, 6558188, 47358244, 344659768
T022: 1, 2, 6, -52, -506, -4068, -8976, 91632, 2172006, 19438508, 112887076, -187117368
T023: 1, 2, 6, 20, 62, 172, 204, -2168, -26218, -203380, -1337324, -7985448
T024: 1, 2, 6, 8, -26, -468, -3561, -21558, -103554, -363652, -328424, 8569992
T025: 1, 2, 30, 164, 2374, 19452, 267724, 2706440, 36384198, 414707948, 5545913092, 67988527224
