T001: 1, 2, 6, 20, 70, -48, -2676, -34368, -323130, -2597380, -18420944, -117559968, -636321044, -2410446400, 2055129600, 169915763120, 2342953019590, 23960657543820, 209029242285300
T002: 1, 2, 6, 20, 70, 272, 1164, 5952, 35270, 225020, 1455556, 9259032, 57352156, 345792800, 2037311800, 11796456320, 67556113990, 385080500620, 2197276320900
T003: 1, 2, 14, 68, 454, 2812, 19244, 130888, 923206, 6558188, 47358244, 344659768, 2531570716, 18712509272, 139161291416, 1039979440528, 7806488306246, 58821692191052, 444735315170804
T004: 1, 2, 6, 164, 1222, 8892, 134124, 1414632, 14745798, 192423404, 2254611316, 26990877432, 349374179356, 4331148658904, 54785722372632, 717647958379728, 9244870488667206, 120469633424183628, 1597803901582288452
T005: 1, 2, 6, 23, 94, 432, 2139, 10992, 57726, 306752, 1642456, 8850162, 47970091, 261477998, 1432826100, 7889412543, 43628152926, 242183263068, 1348909903464
T006: 1, 2, 6, 20, 70, 1452, 15324, 154632, 1356870, 10632620, 83517556, 669787032, 6087164956, 60658988600, 616303764600, 6119456815120, 58340522283590, 544280792735820, 5089913237535300
T007: 1, 2, 38, 212, 3526, 29692, 446684, 4652776, 66607174, 782490092, 10976252788, 138551429656, 1933211859484, 25519170650456, 356751691887608, 4847814833570512, 68114021794077254, 943890906120843596, 13343206679313149444
T008: 1, 2, 6, 20, 6, -388, -4836, -41368, -288186, -1757716, -8846924, -30383208, 26534556, 1773332056, 21319358584, 187373654480, 1369583997510, 8443030643020, 41210160051012
T009: 1, 2, 6, 20, 70, 192, 204, -4128, -54330, -480580, -3615584, -24690048, -156464084, -926792800, -5106424800, -25644372560, -111089786170, -342547961460, 204406053300
T010: 1, 2, 6, 20, 70, 192, 204, -4128, -54330, -480580, -3615584, -24690048, -156464084, -926792800, -5106424800, -25644372560, -111089786170, -342547961460, 204406053300
T011: 1, 2, 6, 20, 710, 6652, 58524, 451432, 4955206, 52883948, 612081076, 6686452632, 73756771356, 792367058264, 9000243360632, 105003716645840, 1237560303659590, 14300515999142220, 165894578569020228
T012: 1, 2, 6, 20, 70, 282, 1284, 7212, 46470, 313220, 2092351, 13566522, 85228576, 521468300, 3133657050, 18673011460, 111362538470, 669736244460, 4080438208800
T013: 1, 2, 6, -76, -698, -5508, -17316, 50472, 2044998, 21305324, 153780916, 440835672, -5070573284, -106948181416, -1057655952648, -6317406739632, -2426770568634, 468537970272588, 6783729331988292
T014: 1, 2, -18, -124, 646, 9852, -6676, -683576, -2489658, 32457452, 347627620, 472096440, -22469351780, -339342015400, -948701121000, 44002470914704, 521807326379078, -2612316522404532, -89589047917084876
T015: 1, 2, 6, 20, 70, 232, 684, 912, -9530, -127780, -1084604, -7816488, -51373604, -316754800, -1856177800, -10396492640, -55698828730, -284299716340, -1368167787900
T016: 1, 2, 6, 11, -2, -288, -2451, -15468, -76338, -278980, -355424, 5460402, 67734781, 513151706, 2999062044, 13423186971, 34969789422, -111715232724, -2458710317964
T017: 1, 2, 6, -76, -698, -5508, -17316, 50472, 2044998, 21305324, 153780916, 440835672, -5070573284, -106948181416, -1057655952648, -6317406739632, -2426770568634, 468537970272588, 6783729331988292
T018: 1, 2, 6, 29, 142, 792, 4749, 28632, 177678, 1132220, 7339936, 48341262, 322362781, 2170581194, 14740612956, 100850898069, 694451462958, 4809246548364, 33473422522356
T019: 1, 2, 6, 20, 62, 172, 204, -2168, -26218, -203380, -1337324, -7985448, -44382004, -231427272, -1129595944, -5090704880, -20444293050, -66058683060, -97672078524
T020: 1, 2, 54, 308, 7558, 67452, 1465724, 16833448, 338061126, 4539129836, 87034522708, 1293493599576, 24176837537692, 384611513322584, 7097742894631224, 118313227716810832, 2172365625657071174, 37418939592184416588, 686674183826254379876
T021: 1, 2, 6, -4, -122, -1188, -7716, -41928, -164538, -244372, 3552436, 47314632, 378407836, 2296140056, 10389446136, 23691482736, -152264339898, -2645690241204, -23326325764284
T022: 1, 2, 6, 32, 166, 972, 5964, 36192, 222534, 1388588, 8762356, 55903872, 359748316, 2330281592, 15178512600, 99340337472, 652894836294, 4307088298572, 28508231028804
T023: 1, 2, 6, 20, 70, 292, 1404, 8472, 57670, 401420, 2727796, 17844312, 112570396, 689421800, 4135407800, 24527698480, 145171863110, 864083538380, 5199287199300
T024: 1, 2, 6, -4, -122, -1188, -7716, -41928, -164538, -244372, 3552436, 47314632, 378407836, 2296140056, 10389446136, 23691482736, -152264339898, -2645690241204, -23326325764284
T025: 1, 2, 6, 20, -570, -6148, -56676, -444568, -1316794, 12241388, 363709876, 5236775832, 51427721756, 379329976664, 1024177983352, -25217834304560, -574585580398010, -7834726883315380, -77401693570653372
