T001: 1, 2, 6, -268, -2234, -17028, 188124, 3531432, 46751814, 52206572, -4343557964, -108466070568, -934796796644, -1274647248808, 184704679706616, 3307680423990864, 33541673685252678, -67265253351507636
T002: 1, 2, 54, 308, 5638, 48252, 755324, 7963048, 116408646, 1380299756, 19610773588, 249352226136, 3509219531932, 46592263937624, 655393921731384, 8947720441029712, 126312029921918534, 1757073525277137228
T003: 1, 2, 6, 20, 70, 52, -1476, -21768, -211130, -1715380, -12386444, -81820968, -489603044, -2561025400, -10346259400, -12839755280, 339904990790, 5219398217420
T004: 1, 2, 6, 20, 70, 52, -1476, -21768, -211130, -1715380, -12386444, -81820968, -489603044, -2561025400, -10346259400, -12839755280, 339904990790, 5219398217420
T005: 1, 2, 6, 20, -90, -1348, -13476, -108568, -706618, -3870484, -13443404, 32385432, 1186525916, 14533471448, 131866275064, 977674263760, 5812264683590, 22659761179980
T006: 1, 2, 6, 68, 454, 3132, 25164, 191592, 1536966, 12886508, 106943476, 902302392, 7748295196, 66872844248, 582090260184, 5107033557456, 45038606323782, 399398982345036
T007: 1, 2, 6, 20, 70, 292, 1404, 8472, 57670, 401420, 2727796, 17844312, 112570396, 689421800, 4135407800, 24527698480, 145171863110, 864083538380
T008: 1, 2, 6, 14, 22, -108, -1416, -10428, -61722, -316948, -1417724, -5272188, -13196564, 13290344, 483667344, 4337588904, 29048442438, 164506869324
T009: 1, 2, -2, -28, -74, 92, 2284, 17096, 52294, -332308, -4410812, -16142344, 56922364, 954240536, 4505008408, -2977695088, -196034658746, -1365350946484
T010: 1, 2, 6, 20, -58, -1028, -10596, -86168, -564154, -3112468, -11104844, 21318552, 901078556, 11189678424, 102064342904, 759529704400, 4538131663430, 17958241702220
T011: 1, 2, 6, 20, -250, -2948, -27876, -220568, -1103546, -1983508, 60019636, 1128513432, 12725568156, 112311920216, 710192887928, 1603405173200, -37622539092410, -787022378534580
T012: 1, 2, 6, 20, 70, 132, -516, -11688, -121530, -1009780, -7396124, -49649928, -307791524, -1750730200, -8865580200, -36472324240, -76664063930, 624152077260
T013: 1, 2, 18, 92, 742, 5052, 40724, 313336, 2581254, 21099884, 177852124, 1504241928, 12925742812, 111711287768, 974670943848, 8551300818928, 75510166149446, 669958854948684
T014: 1, 2, 8, 32, 148, 712, 3584, 18496, 97444, 521096, 2820448, 15414016, 84917584, 470982176, 2627289344, 14728751872, 82928400164, 468699173576
T015: 1, 2, 0, -16, -86, -348, -676, 3880, 42858, 195188, 327232, -2337696, -24768740, -120644392, -234630912, 1488150976, 17208502682, 86505301620
T016: 1, 2, 6, 32, 166, 972, 6039, 37242, 235134, 1519292, 9958936, 66187992, 444706321, 3013322522, 20574399096, 141422889984, 977815376238, 6796101671964
T017: 1, 2, 0, -16, -86, -348, -676, 3880, 42858, 195188, 327232, -2337696, -24768740, -120644392, -234630912, 1488150976, 17208502682, 86505301620
T018: 1, 2, -6, -52, -2, 1452, 6724, -4072, -268194, -2410084, -5351492, 138367176, 1436753212, -73966696, -95905511256, -581862260368, 2280871795774, 48632055364668
T019: 1, 2, 22, 116, 1030, 7292, 62524, 500264, 4315462, 36582380, 320162452, 2798417624, 24833855644, 221067472472, 1984394682040, 17880483261776, 161967041797702, 1472227818117452
T020: 1, 2, 6, 20, 70, 302, 1524, 9732, 68870, 489620, 3368056, 22228032, 141818956, 884917100, 5474545600, 34027610720, 214655502790, 1380989773420
T021: 1, 2, 6, 20, 70, 202, 324, -2868, -43130, -392380, -2982344, -20460768, -129995444, -771451900, -4259178400, -21457928480, -93583191610, -295044877780
T022: 1, 2, 6, 20, -58, -1028, -10596, -86168, -564154, -3112468, -11104844, 21318552, 901078556, 11189678424, 102064342904, 759529704400, 4538131663430, 17958241702220
T023: 1, 2, -18, -124, 646, 9852, -6676, -683576, -2489658, 32457452, 347627620, 472096440, -22469351780, -339342015400, -948701121000, 44002470914704, 521807326379078, -2612316522404532
T024: 1, 2, 10, 44, 250, 1412, 8764, 55400, 364858, 2446100, 16753300, 116310680, 818119900, 5812327640, 41665789000, 300921399344, 2187772876858, 15997364560820
T025: 1, 2, 6, 20, 70, 152, -276, -9168, -99130, -833380, -6133244, -41270568, -256279844, -1460640400, -7423339400, -30821464480, -68215303610, 480745566220
