1: 1, 2, 6, 44, 262, 1692, 11784, 79872, 563238, 4108844, 30203716, 224976072
3: 1, 2, -42, -268, 2182, 29052, -62276, -2580184, -6497466, 164214764, 1388251924, -2216402472
7: 1, 2, 6, -16, -218, -1908, -9876, -34368, 109638, 2850860, 29246836, 194361312
2: 1, 2, 6, 20, 70, 282, 1284, 7212, 46470, 313220, 2092351, 13566522
7: 1, 2, 6, -4, -122, -1188, -7416, -37728, -114138, 221996, 7209796, 69823272
2: 1, 2, 6, 20, 70, 272, 1164, 5952, 35270, 225020, 1455556, 9259032
3: 1, 2, -6, -52, -2, 1452, 6724, -4072, -268194, -2410084, -5351492, 138367176
8: 1, 2, 6, 20, 70, 227, 624, 282, -15130, -171880, -1400819, -9922218
G: 1, 2, 6, 20, 230, 1852, 15324, 115432, 909766, 7161068, 61713076, 554471832
4: 1, 2, 6, 20, 62, 172, 204, -2168, -26218, -203380, -1337324, -7985448
5: 1, 2, 22, 116, 1222, 9212, 95164, 849704, 8804422, 85901804, 901254292, 9246438104
5: 1, 2, 102, 596, 26566, 249852, 9343324, 116991464, 3848486982, 58305382892, 1754066444020, 30356409321240
7: 1, 2, 6, 11, -2, -288, -2451, -15468, -76338, -278980, -355424, 5460402
5: 1, 2, 54, 308, 7558, 67452, 1465724, 16833448, 338061126, 4539129836, 87034522708, 1293493599576
4: 1, 2, 6, 20, 38, -68, -1956, -18968, -140794, -910996, -5177804, -25187688
1: 1, 2, 6, 38, 214, 1332, 9024, 60132, 418086, 3014156, 21956836, 162338772
2: 1, 2, 6, 20, 70, 272, 1164, 5952, 35270, 225020, 1455556, 9259032
1: 1, 2, 6, 29, 142, 792, 4749, 28632, 177678, 1132220, 7339936, 48341262
G: 1, 2, 6, 20, 230, 1852, 15324, 115432, 861382, 6290156, 48649396, 394804632
4: 1, 2, 6, 20, 54, 92, -516, -7768, -65082, -451348, -2798924, -15937128
8: 1, 2, 6, 20, 70, 12, -1956, -26808, -255930, -2068180, -14897804, -98262888
8: 1, 2, 6, 20, 70, 212, 444, -1608, -31930, -304180, -2352524, -16306728
G: 1, 2, 6, 20, 90, 452, 2724, 17432, 111878, 701804, 4337716, 26683032
3: 1, 2, -10, -76, -122, 892, 8444, 44200, 46918, -1777684, -15941420, -34848680
