T0801|B12|1,2,6,20,70,292,1404,8472,57670,401420,2727796,17844312
T0802|B12|1,2,18,92,742,5052,40724,313336,2581254,21099884,177852124,1504241928
T0803|B12|1,2,2,-4,-38,-188,-436,1864,23482,113684,233092,-1015496
T0804|B12|1,2,4,8,4,-88,-656,-3232,-12764,-40312,-84656,49568
T0805|B12|1,2,6,29,142,792,4749,28632,177678,1132220,7339936,48341262
T0806|B12|1,2,102,596,26566,249852,9343324,116991464,3848486982,58305382892,1754066444020,30356409321240
T0807|B12|1,2,6,20,70,282,1284,7212,46470,313220,2092351,13566522
T0808|B12|1,2,6,20,30,-148,-2676,-24568,-179098,-1148884,-6488204,-31291368
T0809|B12|1,2,6,20,54,92,-516,-7768,-65082,-451348,-2798924,-15937128
T0810|B12|1,2,6,20,-90,-1348,-13476,-108568,-658234,-2999572,-379724,192052632
T0811|B12|1,2,6,20,70,272,1164,5952,35270,225020,1455556,9259032
T0812|B12|1,2,6,20,70,452,3324,28632,236870,1812620,13015156,88934232
T0813|B12|1,2,6,38,214,1332,9024,60132,418086,3014156,21956836,162338772
T0814|B12|1,2,6,20,390,3452,29724,227432,2032454,18337772,184205236,1853351832
T0815|B12|1,2,14,68,502,3292,25484,191368,1541446,12396524,102999844,861170488
T0816|B12|1,2,6,20,86,412,2364,14632,92054,570764,3501076,21413592
T0817|B12|1,2,6,20,30,-148,-2676,-24568,-179098,-1148884,-6488204,-31291368
T0818|B12|1,2,6,20,70,132,-516,-11688,-121530,-1009780,-7396124,-49649928
T0819|B12|1,2,6,14,22,-108,-1416,-10428,-61722,-316948,-1417724,-5272188
T0820|B12|1,2,6,17,46,72,-261,-3708,-26946,-159112,-831944,-3946578
T0821|B12|1,2,6,32,166,972,5964,36192,222534,1388588,8762356,55903872
T0822|B12|1,2,6,23,94,432,2139,10992,57726,306752,1642456,8850162
T0823|B12|1,2,6,56,358,2412,20049,157782,1314702,11627516,101402896,906674232
T0824|B12|1,2,6,8,-26,-468,-3561,-21558,-103554,-363652,-328424,8569992
T0825|B12|1,2,6,-76,-698,-5508,-17316,50472,2044998,21305324,153780916,440835672
T0826|B12|1,2,6,20,70,257,984,4062,18470,92720,502321,2840862
T0827|B12|1,2,6,20,54,92,-516,-7768,-65082,-451348,-2798924,-15937128
T0828|B12|1,2,6,20,74,292,1284,6232,32498,176132,968476,5328072
T0829|B12|1,2,6,-4,-122,-1188,-7716,-41928,-164538,-244372,3552436,47314632
T0830|B12|1,2,6,32,166,972,5964,36192,222534,1388588,8762356,55903872
T0831|B12|1,2,102,596,26566,249852,9343324,116991464,3848486982,58305382892,1754066444020,30356409321240
T0832|B12|1,2,6,20,86,412,2364,14632,92054,570764,3501076,21413592
T0833|B12|1,2,6,20,710,6652,58524,451432,4955206,52883948,612081076,6686452632
T0834|B12|1,2,6,20,70,352,2124,16032,124870,930620,6567556,44107032
T0835|B12|1,2,6,20,-570,-6148,-56676,-444568,-1316794,12241388,363709876,5236775832
T0836|B12|1,2,6,20,70,-48,-2676,-34368,-323130,-2597380,-18420944,-117559968
T0837|B12|1,2,6,20,-58,-1028,-10596,-86168,-564154,-3112468,-11104844,21318552
T0838|B12|1,2,6,20,-90,-1348,-13476,-108568,-658234,-2999572,-379724,192052632
T0839|B12|1,2,6,20,70,257,984,4062,18470,92720,502321,2840862
T0840|B12|1,2,-6,-52,-2,1452,6724,-4072,-268194,-2410084,-5351492,138367176
T0841|B12|1,2,6,20,70,302,1524,9732,68870,489620,3368056,22228032
T0842|B12|1,2,6,68,454,3132,25164,191592,1536966,12886508,106943476,902302392
T0843|B12|1,2,6,20,86,412,2364,14632,92054,570764,3501076,21413592
T0844|B12|1,2,6,23,94,432,2139,10992,57726,306752,1642456,8850162
T0845|B12|1,2,14,68,454,2812,19244,130888,923206,6558188,47358244,344659768
T0846|B12|1,2,6,20,70,-348,-6276,-72168,-659130,-5243380,-36135644,-216223368
T0847|B12|1,2,6,-76,-698,-5508,-17316,50472,2044998,21305324,153780916,440835672
T0848|B12|1,2,6,-268,-2234,-17028,188124,3531432,46751814,52206572,-4343557964,-108466070568
T0849|B12|1,2,30,164,1894,14652,157324,1429640,15122118,149402348,1587779332,16441872504
T0850|B12|1,2,6,-16,-218,-1908,-8751,-18618,298638,4345724,37881616,194943432
T0851|B12|1,2,-42,-268,4102,48252,-427076,-8762584,34521414,1516708844,550563604,-237286057512
T0852|B12|1,2,6,-16,-218,-1908,-9876,-34368,109638,2850860,29246836,194361312
T0853|B12|1,2,6,20,74,292,1284,6232,32498,176132,968476,5328072
T0854|B12|1,2,6,20,-58,-1028,-10596,-86168,-564154,-3112468,-11104844,21318552
T0855|B12|1,2,6,20,70,552,4524,41232,348870,2694620,19681456,138572832
T0856|B12|1,2,4,8,4,-88,-656,-3232,-12764,-40312,-84656,49568
T0857|B12|1,2,-6,-52,-2,1452,6724,-4072,-268194,-2410084,-5351492,138367176
T0858|B12|1,2,-10,-76,70,2812,10364,-36440,-625082,-4067860,25300,338721880
T0859|B12|1,2,14,68,502,3292,25484,191368,1541446,12396524,102999844,861170488
T0860|B12|1,2,6,44,262,1692,11784,79872,563238,4108844,30203716,224976072
T0861|B12|1,2,6,20,70,12,-1956,-26808,-255930,-2068180,-14897804,-98262888
T0862|B12|1,2,6,20,710,6652,58524,451432,4955206,52883948,612081076,6686452632
T0863|B12|1,2,10,44,250,1412,8764,55400,364858,2446100,16753300,116310680
T0864|B12|1,2,38,212,3526,29692,446684,4652776,66607174,782490092,10976252788,138551429656
T0865|B12|1,2,6,20,70,227,624,282,-15130,-171880,-1400819,-9922218
T0866|B12|1,2,-42,-268,4102,48252,-427076,-8762584,34521414,1516708844,550563604,-237286057512
T0867|B12|1,2,6,2,-74,-828,-5376,-28068,-89946,107084,4872676,48635292
T0868|B12|1,2,6,20,70,212,444,-1608,-31930,-304180,-2352524,-16306728
T0869|B12|1,2,6,20,-10,-548,-6276,-52568,-363002,-2201236,-10983884,-36676968
T0870|B12|1,2,6,20,38,-68,-1956,-18968,-142138,-935188,-5540684,-29622888
T0871|B12|1,2,6,26,118,612,3384,18972,107622,615788,3551236,20653932
T0872|B12|1,2,6,-268,-2234,-17028,188124,3531432,46751814,52206572,-4343557964,-108466070568
T0873|B12|1,2,6,20,102,572,3804,25832,171462,1096940,6877876,42860952
T0874|B12|1,2,30,164,1894,14652,157324,1429640,15122118,149402348,1587779332,16441872504
T0875|B12|1,2,2,-4,-38,-188,-436,1864,23482,113684,233092,-1015496
T0876|B12|1,2,-42,-268,2182,29052,-62276,-2580184,-6497466,164214764,1388251924,-2216402472
T0877|B12|1,2,6,308,2374,17532,418524,4942632,54880326,963954668,13234487476,178880716632
T0878|B12|1,2,6,20,50,52,-876,-10568,-84122,-568276,-3423884,-18619368
T0879|B12|1,2,102,596,26566,249852,9343324,116991464,3848486982,58305382892,1754066444020,30356409321240
T0880|B12|1,2,6,20,50,52,-876,-10568,-84122,-568276,-3423884,-18619368
T0881|B12|1,2,6,20,62,172,204,-2168,-26218,-203380,-1337324,-7985448
T0882|B12|1,2,6,20,70,552,4524,41232,348870,2694620,19681456,138572832
T0883|B12|1,2,30,164,1894,14652,157324,1429640,15122118,149402348,1587779332,16441872504
T0884|B12|1,2,6,20,110,652,4524,31432,212902,1391276,9034996,59313432
T0885|B12|1,2,6,20,86,412,2364,14632,91718,564716,3410356,20304792
T0886|B12|1,2,6,-52,-506,-4068,-8976,91632,2172006,19438508,112887076,-187117368
T0887|B12|1,2,-42,-268,2182,29052,-62276,-2580184,-6497466,164214764,1388251924,-2216402472
T0888|B12|1,2,6,20,-90,-1348,-13476,-108568,-658234,-2999572,-379724,192052632
T0889|B12|1,2,6,20,390,3452,29724,227432,2032454,18337772,184205236,1853351832
T0890|B12|1,2,6,20,50,52,-876,-10568,-84122,-568276,-3423884,-18619368
T0891|B12|1,2,6,-52,-506,-4068,-13476,28632,1416006,15039596,109958836,332133672
T0892|B12|1,2,10,44,238,1292,7444,43640,261958,1593836,9820780,61084520
T0893|B12|1,2,18,92,862,6252,59924,514936,5056734,47595164,478825804,4753326888
T0894|B12|1,2,22,116,1030,7292,62524,500264,4315462,36582380,320162452,2798417624
T0895|B12|1,2,6,20,-58,-1028,-10596,-86168,-564154,-3112468,-11104844,21318552
T0896|B12|1,2,6,20,134,892,6684,48232,339014,2306540,15990196,114584472
T0897|B12|1,2,54,308,5638,48252,755324,7963048,116408646,1380299756,19610773588,249352226136
T0898|B12|1,2,6,20,54,92,-516,-7768,-64746,-445300,-2708204,-14828328
T0899|B12|1,2,6,20,70,272,1164,5952,35270,225020,1455556,9259032
T0900|B12|1,2,-90,-556,19654,211452,-5194276,-84728600,1435071558,34197180908,-379534695308,-13613674905576
