T0201|A7|1,2,6,-52,-506,-4068,-8976
T0202|A7|1,2,-2,-28,-74,92,2284
T0203|A7|1,2,6,20,-90,-1348,-13476
T0204|A7|1,2,4,8,4,-88,-656
T0205|A7|1,2,6,20,70,232,684
T0206|A7|1,2,6,11,-2,-288,-2451
T0207|A7|1,2,6,20,70,282,1284
T0208|A7|1,2,6,32,166,972,6039
T0209|A7|1,2,-2,-28,-74,92,2284
T0210|A7|1,2,-10,-76,70,2812,10364
T0211|A7|1,2,6,20,70,232,684
T0212|A7|1,2,6,56,358,2412,20049
T0213|A7|1,2,-10,-76,-122,892,8444
T0214|A7|1,2,-18,-124,646,9852,-6676
T0215|A7|1,2,102,596,26566,249852,9343324
T0216|A7|1,2,6,20,54,92,-516
T0217|A7|1,2,-42,-268,2182,29052,-62276
T0218|A7|1,2,-42,-268,2182,29052,-62276
T0219|A7|1,2,6,20,50,52,-876
T0220|A7|1,2,6,20,70,52,-1476
T0221|A7|1,2,6,56,358,2412,18924
T0222|A7|1,2,6,20,-10,-548,-6276
T0223|A7|1,2,6,20,-10,-548,-6276
T0224|A7|1,2,6,38,214,1332,9024
T0225|A7|1,2,6,20,710,6652,58524
T0226|A7|1,2,6,20,70,-48,-2676
T0227|A7|1,2,6,20,38,-68,-1956
T0228|A7|1,2,6,56,358,2412,20049
T0229|A7|1,2,6,20,70,352,2124
T0230|A7|1,2,6,20,134,892,6684
T0231|A7|1,2,6,20,198,1532,12444
T0232|A7|1,2,6,38,214,1332,9024
T0233|A7|1,2,6,20,66,212,564
T0234|A7|1,2,6,20,134,892,6684
T0235|A7|1,2,6,20,70,222,564
T0236|A7|1,2,6,20,70,242,804
T0237|A7|1,2,6,20,70,292,1404
T0238|A7|1,2,6,20,70,262,1044
T0239|A7|1,2,6,20,86,412,2364
T0240|A7|1,2,6,20,70,232,684
T0241|A7|1,2,6,20,70,402,2724
T0242|A7|1,2,54,308,5638,48252,755324
T0243|A7|1,2,54,308,7558,67452,1465724
T0244|A7|1,2,6,29,142,792,4749
T0245|A7|1,2,6,44,262,1692,11784
T0246|A7|1,2,6,20,50,52,-876
T0247|A7|1,2,14,68,502,3292,25484
T0248|A7|1,2,6,2,-74,-828,-5376
T0249|A7|1,2,6,20,390,3452,29724
T0250|A7|1,2,2,-4,-50,-308,-1276
T0251|A7|1,2,6,20,70,492,3804
T0252|A7|1,2,6,20,70,232,684
T0253|A7|1,2,6,2,-74,-828,-5376
T0254|A7|1,2,14,68,502,3292,25484
T0255|A7|1,2,6,20,-90,-1348,-13476
T0256|A7|1,2,6,20,70,132,-516
T0257|A7|1,2,6,20,70,102,-876
T0258|A7|1,2,6,92,646,4572,44124
T0259|A7|1,2,6,20,50,52,-876
T0260|A7|1,2,-10,-76,-122,892,8444
T0261|A7|1,2,2,-4,-38,-188,-436
T0262|A7|1,2,6,20,78,332,1644
T0263|A7|1,2,6,20,-250,-2948,-27876
T0264|A7|1,2,6,32,166,972,5964
T0265|A7|1,2,6,20,150,1052,8124
T0266|A7|1,2,102,596,26566,249852,9343324
T0267|A7|1,2,6,20,70,492,3804
T0268|A7|1,2,6,20,54,92,-516
T0269|A7|1,2,8,32,148,712,3584
T0270|A7|1,2,6,44,262,1692,11784
T0271|A7|1,2,-42,-268,4102,48252,-427076
T0272|A7|1,2,14,68,502,3292,25484
T0273|A7|1,2,8,32,148,712,3584
T0274|A7|1,2,10,44,238,1292,7444
T0275|A7|1,2,6,20,70,-348,-6276
T0276|A7|1,2,6,20,54,92,-516
T0277|A7|1,2,6,20,70,-348,-6276
T0278|A7|1,2,6,-52,-506,-4068,-13476
T0279|A7|1,2,6,20,30,-148,-2676
T0280|A7|1,2,6,20,38,-68,-1956
T0281|A7|1,2,6,-28,-314,-2628,-13236
T0282|A7|1,2,-26,-172,1222,16892,-30116
T0283|A7|1,2,0,-16,-86,-348,-676
T0284|A7|1,2,-10,-76,70,2812,10364
T0285|A7|1,2,6,20,38,-68,-1956
T0286|A7|1,2,6,20,90,452,2724
T0287|A7|1,2,6,56,358,2412,18924
T0288|A7|1,2,6,20,70,257,984
T0289|A7|1,2,6,20,70,257,984
T0290|A7|1,2,-42,-268,2182,29052,-62276
T0291|A7|1,2,6,20,54,92,-516
T0292|A7|1,2,6,92,646,4572,48624
T0293|A7|1,2,6,20,70,232,684
T0294|A7|1,2,6,11,-2,-288,-2451
T0295|A7|1,2,6,20,70,402,2724
T0296|A7|1,2,-6,-52,-2,1452,6724
T0297|A7|1,2,6,20,70,312,1644
T0298|A7|1,2,6,20,-250,-2948,-27876
T0299|A7|1,2,6,20,50,52,-876
T0300|A7|1,2,6,44,262,1692,11484
