T0901|B12|1,2,6,20,70,52,-1476,-21768,-211130,-1715380,-12386444,-81820968
T0902|B12|1,2,6,68,454,3132,25164,191592,1536966,12886508,106943476,902302392
T0903|B12|1,2,6,20,198,1532,12444,93032,690246,5016044,38569396,311253912
T0904|B12|1,2,6,20,70,552,4524,41232,348870,2694620,19681456,138572832
T0905|B12|1,2,6,23,94,432,2139,10992,57726,306752,1642456,8850162
T0906|B12|1,2,6,-16,-218,-1908,-9876,-34368,109638,2850860,29246836,194361312
T0907|B12|1,2,4,8,4,-88,-656,-3232,-12764,-40312,-84656,49568
T0908|B12|1,2,6,29,142,792,4749,28632,177678,1132220,7339936,48341262
T0909|B12|1,2,6,20,70,1452,15324,154632,1356870,10632620,83517556,669787032
T0910|B12|1,2,6,20,54,92,-516,-7768,-65082,-451348,-2798924,-15937128
T0911|B12|1,2,6,20,70,242,804,2172,1670,-39580,-450104,-3559488
T0912|B12|1,2,6,20,150,1052,8124,59432,433094,3096812,23328436,184449432
T0913|B12|1,2,6,20,70,12,-1956,-26808,-255930,-2068180,-14897804,-98262888
T0914|B12|1,2,6,20,70,232,684,912,-9530,-127780,-1084604,-7816488
T0915|B12|1,2,6,20,70,132,-516,-11688,-121530,-1009780,-7396124,-49649928
T0916|B12|1,2,6,20,70,402,2724,22332,180870,1371620,9821731,67188882
T0917|B12|1,2,6,20,70,352,2124,16032,124870,930620,6567556,44107032
T0918|B12|1,2,-2,-28,-74,92,2284,17096,52294,-332308,-4410812,-16142344
T0919|B12|1,2,6,20,78,332,1644,9032,52182,304652,1767316,10135512
T0920|B12|1,2,22,116,1030,7292,62524,500264,4315462,36582380,320162452,2798417624
T0921|B12|1,2,6,20,70,102,-876,-15468,-155130,-1274380,-9229469,-60877518
T0922|B12|1,2,6,20,-90,-1348,-13476,-108568,-706618,-3870484,-13443404,32385432
T0923|B12|1,2,6,20,70,492,3804,33672,281670,2165420,15584116,106643352
T0924|B12|1,2,6,-4,-122,-1188,-7416,-37728,-114138,221996,7209796,69823272
T0925|B12|1,2,-6,-52,-2,1452,6724,-4072,-268194,-2410084,-5351492,138367176
T0926|B12|1,2,6,20,710,6652,58524,451432,4955206,52883948,612081076,6686452632
T0927|B12|1,2,6,20,70,277,1224,6582,40870,269120,1774381,11422182
T0928|B12|1,2,6,20,70,12,-1956,-26808,-255930,-2068180,-14897804,-98262888
T0929|B12|1,2,6,-16,-218,-1908,-8751,-18618,298638,4345724,37881616,194943432
T0930|B12|1,2,6,20,70,132,-516,-11688,-121530,-1009780,-7396124,-49649928
T0931|B12|1,2,6,20,70,1452,15324,154632,1356870,10632620,83517556,669787032
T0932|B12|1,2,6,20,70,372,2364,18552,147270,1107020,7844836,52803192
T0933|B12|1,2,6,20,230,1852,15324,115432,909766,7161068,61713076,554471832
T0934|B12|1,2,6,20,-10,-548,-6276,-52568,-350906,-1983508,-7717964,3239832
T0935|B12|1,2,6,20,70,132,-516,-11688,-121530,-1009780,-7396124,-49649928
T0936|B12|1,2,6,20,70,257,984,4062,18470,92720,502321,2840862
T0937|B12|1,2,6,20,390,3452,29724,227432,2032454,18337772,184205236,1853351832
T0938|B12|1,2,6,20,78,332,1644,9032,52182,304652,1767316,10135512
T0939|B12|1,2,6,2,-74,-828,-5376,-28068,-89946,107084,4872676,48635292
T0940|B12|1,2,6,20,70,227,624,282,-15130,-171880,-1400819,-9922218
T0941|B12|1,2,4,8,4,-88,-656,-3232,-12764,-40312,-84656,49568
T0942|B12|1,2,18,92,742,5052,40724,313336,2581254,21099884,177852124,1504241928
T0943|B12|1,2,6,92,646,4572,48624,444432,4204134,44162732,443142436,4589355432
T0944|B12|1,2,6,20,70,352,2124,16032,124870,930620,6567556,44107032
T0945|B12|1,2,6,20,70,302,1524,9732,68870,489620,3368056,22228032
T0946|B12|1,2,6,-76,-698,-5508,-17316,50472,2044998,21305324,153780916,440835672
T0947|B12|1,2,6,20,150,1052,8124,59432,433094,3096812,23328436,184449432
T0948|B12|1,2,6,56,358,2412,20049,157782,1314702,11627516,101402896,906674232
T0949|B12|1,2,6,26,118,612,3384,18972,107622,615788,3551236,20653932
T0950|B12|1,2,6,56,358,2412,18924,142032,1125702,9342380,76962676,645302352
T0951|B12|1,2,6,-16,-218,-1908,-8751,-18618,298638,4345724,37881616,194943432
T0952|B12|1,2,6,20,70,352,2124,16032,124870,930620,6567556,44107032
T0953|B12|1,2,-90,-556,19654,211452,-5194276,-84728600,1435071558,34197180908,-379534695308,-13613674905576
T0954|B12|1,2,2,-4,-38,-188,-436,1864,23482,113684,233092,-1015496
T0955|B12|1,2,10,44,250,1412,8764,55400,364858,2446100,16753300,116310680
T0956|B12|1,2,6,20,70,372,2364,18552,147270,1107020,7844836,52803192
T0957|B12|1,2,6,20,102,572,3804,25832,171462,1096940,6877876,42860952
T0958|B12|1,2,6,20,70,232,684,912,-9530,-127780,-1084604,-7816488
T0959|B12|1,2,6,20,-570,-6148,-56676,-444568,-1316794,12241388,363709876,5236775832
T0960|B12|1,2,10,44,238,1292,7444,43640,261958,1593836,9820780,61084520
T0961|B12|1,2,6,20,70,232,684,912,-9530,-127780,-1084604,-7816488
T0962|B12|1,2,6,20,70,202,324,-2868,-43130,-392380,-2982344,-20460768
T0963|B12|1,2,6,20,78,332,1644,9032,52182,304652,1767316,10135512
T0964|B12|1,2,6,20,102,572,3804,25832,172806,1121132,7240756,47296152
T0965|B12|1,2,6,-28,-314,-2628,-13236,-43608,182214,4145132,41602036,272662392
T0966|B12|1,2,22,116,1030,7292,62524,500264,4315462,36582380,320162452,2798417624
T0967|B12|1,2,2,-4,-50,-308,-1276,-3176,1222,67820,467452,2081224
T0968|B12|1,2,6,20,70,552,4524,41232,348870,2694620,19681456,138572832
T0969|B12|1,2,6,20,134,892,6684,48232,339014,2306540,15990196,114584472
T0970|B12|1,2,-10,-76,-122,892,8444,44200,46918,-1777684,-15941420,-34848680
T0971|B12|1,2,6,26,118,612,3384,18972,107622,615788,3551236,20653932
T0972|B12|1,2,6,20,70,257,984,4062,18470,92720,502321,2840862
T0973|B12|1,2,6,20,70,402,2724,22332,180870,1371620,9821731,67188882
T0974|B12|1,2,22,116,1030,7292,62524,500264,4315462,36582380,320162452,2798417624
T0975|B12|1,2,6,20,70,452,3324,28632,236870,1812620,13015156,88934232
T0976|B12|1,2,0,-16,-86,-348,-676,3880,42858,195188,327232,-2337696
T0977|B12|1,2,6,8,-26,-468,-3561,-21558,-103554,-363652,-328424,8569992
T0978|B12|1,2,14,68,454,2812,19244,130888,923206,6558188,47358244,344659768
T0979|B12|1,2,6,20,70,242,804,2172,1670,-39580,-450104,-3559488
T0980|B12|1,2,6,17,46,72,-261,-3708,-26946,-159112,-831944,-3946578
T0981|B12|1,2,6,20,70,352,2124,16032,124870,930620,6567556,44107032
T0982|B12|1,2,6,-28,-314,-2628,-13236,-43608,182214,4145132,41602036,272662392
T0983|B12|1,2,6,20,102,572,3804,25832,172806,1121132,7240756,47296152
T0984|B12|1,2,6,116,838,6012,59484,520872,4754502,46529516,439292596,4254790872
T0985|B12|1,2,12,56,346,2052,13324,86984,588522,4029812,28089880,197867760
T0986|B12|1,2,6,20,150,1052,8124,59432,433094,3096812,23328436,184449432
T0987|B12|1,2,6,20,66,212,564,632,-6702,-77884,-583844,-3732408
T0988|B12|1,2,6,20,70,277,1224,6582,40870,269120,1774381,11422182
T0989|B12|1,2,6,56,358,2412,20049,157782,1314702,11627516,101402896,906674232
T0990|B12|1,2,6,20,70,132,-516,-11688,-121530,-1009780,-7396124,-49649928
T0991|B12|1,2,6,20,90,452,2724,17432,111878,701804,4337716,26683032
T0992|B12|1,2,6,20,-58,-1028,-10596,-86168,-564154,-3112468,-11104844,21318552
T0993|B12|1,2,-6,-52,-122,252,4324,29528,78726,-681364,-8138612,-27810264
T0994|B12|1,2,4,8,4,-88,-656,-3232,-12764,-40312,-84656,49568
T0995|B12|1,2,6,26,118,612,3384,18972,107622,615788,3551236,20653932
T0996|B12|1,2,6,20,198,1532,12444,93032,690246,5016044,38569396,311253912
T0997|B12|1,2,6,20,70,247,864,2802,7270,4520,-132719,-1428018
T0998|B12|1,2,6,20,70,552,4524,41232,348870,2694620,19681456,138572832
T0999|B12|1,2,6,68,454,3132,25164,191592,1536966,12886508,106943476,902302392
T1000|B12|1,2,6,20,38,-68,-1956,-18968,-140794,-910996,-5177804,-25187688
