T0001|A7|1,2,6,20,70,247,864
T0002|A7|1,2,6,20,70,372,2364
T0003|A7|1,2,2,-4,-50,-308,-1276
T0004|A7|1,2,6,20,54,92,-516
T0005|A7|1,2,6,20,86,412,2364
T0006|A7|1,2,6,20,70,-348,-6276
T0007|A7|1,2,6,20,70,352,2124
T0008|A7|1,2,22,116,1222,9212,95164
T0009|A7|1,2,30,164,1894,14652,157324
T0010|A7|1,2,6,56,358,2412,18924
T0011|A7|1,2,-18,-124,646,9852,-6676
T0012|A7|1,2,6,20,70,282,1284
T0013|A7|1,2,6,20,230,1852,15324
T0014|A7|1,2,6,-4,-122,-1188,-7716
T0015|A7|1,2,6,20,86,412,2364
T0016|A7|1,2,6,20,66,212,564
T0017|A7|1,2,6,20,150,1052,8124
T0018|A7|1,2,6,26,118,612,3384
T0019|A7|1,2,6,8,-26,-468,-3636
T0020|A7|1,2,6,20,-250,-2948,-27876
T0021|A7|1,2,10,44,250,1412,8764
T0022|A7|1,2,6,20,102,572,3804
T0023|A7|1,2,6,-124,-1082,-8388,18924
T0024|A7|1,2,54,308,7558,67452,1465724
T0025|A7|1,2,30,164,2374,19452,267724
T0026|A7|1,2,6,20,6,-388,-4836
T0027|A7|1,2,6,20,70,102,-876
T0028|A7|1,2,10,44,250,1412,8764
T0029|A7|1,2,6,20,70,282,1284
T0030|A7|1,2,6,20,110,652,4524
T0031|A7|1,2,-18,-124,646,9852,-6676
T0032|A7|1,2,6,38,214,1332,9024
T0033|A7|1,2,6,20,70,277,1224
T0034|A7|1,2,30,164,1894,14652,157324
T0035|A7|1,2,-90,-556,19654,211452,-5194276
T0036|A7|1,2,102,596,26566,249852,9343324
T0037|A7|1,2,6,20,110,652,4524
T0038|A7|1,2,30,164,1894,14652,157324
T0039|A7|1,2,6,56,358,2412,18924
T0040|A7|1,2,-90,-556,19654,211452,-5194276
T0041|A7|1,2,6,20,74,292,1284
T0042|A7|1,2,-10,-76,-122,892,8444
T0043|A7|1,2,6,20,70,292,1404
T0044|A7|1,2,6,20,-58,-1028,-10596
T0045|A7|1,2,6,-124,-1082,-8388,18924
T0046|A7|1,2,6,164,1222,8892,134124
T0047|A7|1,2,6,20,30,-148,-2676
T0048|A7|1,2,10,44,238,1292,7444
T0049|A7|1,2,6,20,70,1452,15324
T0050|A7|1,2,6,20,70,242,804
T0051|A7|1,2,-42,-268,2182,29052,-62276
T0052|A7|1,2,6,17,46,72,-261
T0053|A7|1,2,6,11,-2,-288,-2451
T0054|A7|1,2,30,164,1894,14652,157324
T0055|A7|1,2,6,20,70,212,444
T0056|A7|1,2,6,23,94,432,2139
T0057|A7|1,2,6,32,166,972,6039
T0058|A7|1,2,22,116,1030,7292,62524
T0059|A7|1,2,6,26,118,612,3384
T0060|A7|1,2,2,-4,-50,-308,-1276
T0061|A7|1,2,6,44,262,1692,11484
T0062|A7|1,2,10,44,250,1412,8764
T0063|A7|1,2,6,20,-250,-2948,-27876
T0064|A7|1,2,10,44,238,1292,7444
T0065|A7|1,2,6,20,70,452,3324
T0066|A7|1,2,6,20,70,212,444
T0067|A7|1,2,6,92,646,4572,48624
T0068|A7|1,2,6,23,94,432,2139
T0069|A7|1,2,6,-268,-2234,-17028,188124
T0070|A7|1,2,6,-52,-506,-4068,-13476
T0071|A7|1,2,-2,-28,-74,92,2284
T0072|A7|1,2,6,8,-26,-468,-3636
T0073|A7|1,2,18,92,862,6252,59924
T0074|A7|1,2,6,20,70,272,1164
T0075|A7|1,2,-42,-268,2182,29052,-62276
T0076|A7|1,2,6,20,70,402,2724
T0077|A7|1,2,6,-16,-218,-1908,-8751
T0078|A7|1,2,6,20,150,1052,8124
T0079|A7|1,2,4,8,4,-88,-656
T0080|A7|1,2,6,44,262,1692,11484
T0081|A7|1,2,6,20,70,102,-876
T0082|A7|1,2,6,68,454,3132,25164
T0083|A7|1,2,6,20,230,1852,15324
T0084|A7|1,2,18,92,862,6252,59924
T0085|A7|1,2,6,20,150,1052,8124
T0086|A7|1,2,6,20,74,292,1284
T0087|A7|1,2,6,20,70,292,1404
T0088|A7|1,2,6,20,86,412,2364
T0089|A7|1,2,6,20,70,292,1404
T0090|A7|1,2,6,32,166,972,6039
T0091|A7|1,2,14,68,502,3292,25484
T0092|A7|1,2,6,44,262,1692,11484
T0093|A7|1,2,6,20,-570,-6148,-56676
T0094|A7|1,2,6,-124,-1082,-8388,18924
T0095|A7|1,2,6,26,118,612,3384
T0096|A7|1,2,6,20,54,92,-516
T0097|A7|1,2,4,8,4,-88,-656
T0098|A7|1,2,6,2,-74,-828,-5376
T0099|A7|1,2,2,-4,-38,-188,-436
T0100|A7|1,2,6,20,78,332,1644
