T0701|B12|1,2,6,20,70,212,444,-1608,-31930,-304180,-2352524,-16306728
T0702|B12|1,2,-10,-76,70,2812,10364,-36440,-625082,-4067860,25300,338721880
T0703|B12|1,2,6,44,262,1692,11484,75672,512838,3567212,25041076,177630312
T0704|B12|1,2,6,20,70,492,3804,33672,281670,2165420,15584116,106643352
T0705|B12|1,2,14,68,502,3292,25484,191368,1541446,12396524,102999844,861170488
T0706|B12|1,2,6,20,54,92,-516,-7768,-65082,-451348,-2798924,-15937128
T0707|B12|1,2,-90,-556,19654,211452,-5194276,-84728600,1435071558,34197180908,-379534695308,-13613674905576
T0708|B12|1,2,6,20,-250,-2948,-27876,-220568,-1103546,-1983508,60019636,1128513432
T0709|B12|1,2,-42,-268,2182,29052,-62276,-2580184,-6497466,164214764,1388251924,-2216402472
T0710|B12|1,2,6,20,70,232,684,912,-9530,-127780,-1084604,-7816488
T0711|B12|1,2,6,20,70,302,1524,9732,68870,489620,3368056,22228032
T0712|B12|1,2,6,32,166,972,5964,36192,222534,1388588,8762356,55903872
T0713|B12|1,2,-10,-76,70,2812,10364,-36440,-625082,-4067860,25300,338721880
T0714|B12|1,2,30,164,2374,19452,267724,2706440,36384198,414707948,5545913092,67988527224
T0715|B12|1,2,6,14,22,-108,-1416,-10428,-61722,-316948,-1417724,-5272188
T0716|B12|1,2,6,20,78,332,1644,9032,52182,304652,1767316,10135512
T0717|B12|1,2,6,20,150,1052,8124,59432,433094,3096812,23328436,184449432
T0718|B12|1,2,6,20,70,312,1644,10992,80070,577820,4004896,26536512
T0719|B12|1,2,6,20,38,-68,-1956,-18968,-142138,-935188,-5540684,-29622888
T0720|B12|1,2,10,44,238,1292,7444,43640,261958,1593836,9820780,61084520
T0721|B12|1,2,6,-16,-218,-1908,-8751,-18618,298638,4345724,37881616,194943432
T0722|B12|1,2,6,20,134,892,6684,48232,339014,2306540,15990196,114584472
T0723|B12|1,2,4,8,4,-88,-656,-3232,-12764,-40312,-84656,49568
T0724|B12|1,2,6,20,70,-48,-2676,-34368,-323130,-2597380,-18420944,-117559968
T0725|B12|1,2,6,20,230,1852,15324,115432,861382,6290156,48649396,394804632
T0726|B12|1,2,6,20,230,1852,15324,115432,909766,7161068,61713076,554471832
T0727|B12|1,2,6,44,262,1692,11784,79872,563238,4108844,30203716,224976072
T0728|B12|1,2,6,164,1222,8892,134124,1414632,14745798,192423404,2254611316,26990877432
T0729|B12|1,2,6,20,70,272,1164,5952,35270,225020,1455556,9259032
T0730|B12|1,2,6,20,6,-388,-4836,-41368,-288186,-1757716,-8846924,-30383208
T0731|B12|1,2,-6,-52,-2,1452,6724,-4072,-268194,-2410084,-5351492,138367176
T0732|B12|1,2,6,20,710,6652,58524,451432,4955206,52883948,612081076,6686452632
T0733|B12|1,2,22,116,1222,9212,95164,849704,8804422,85901804,901254292,9246438104
T0734|B12|1,2,6,20,70,227,624,282,-15130,-171880,-1400819,-9922218
T0735|B12|1,2,6,20,70,277,1224,6582,40870,269120,1774381,11422182
T0736|B12|1,2,6,20,74,292,1284,6232,32498,176132,968476,5328072
T0737|B12|1,2,6,20,70,247,864,2802,7270,4520,-132719,-1428018
T0738|B12|1,2,6,20,70,52,-1476,-21768,-211130,-1715380,-12386444,-81820968
T0739|B12|1,2,6,20,50,52,-876,-10568,-84122,-568276,-3423884,-18619368
T0740|B12|1,2,54,308,7558,67452,1465724,16833448,338061126,4539129836,87034522708,1293493599576
T0741|B12|1,2,38,212,3526,29692,446684,4652776,66607174,782490092,10976252788,138551429656
T0742|B12|1,2,6,20,70,222,564,-348,-20730,-215980,-1717889,-12046758
T0743|B12|1,2,54,308,5638,48252,755324,7963048,116408646,1380299756,19610773588,249352226136
T0744|B12|1,2,-6,-52,-2,1452,6724,-4072,-268194,-2410084,-5351492,138367176
T0745|B12|1,2,6,29,142,792,4749,28632,177678,1132220,7339936,48341262
T0746|B12|1,2,6,164,1222,8892,134124,1414632,14745798,192423404,2254611316,26990877432
T0747|B12|1,2,22,116,1222,9212,95164,849704,8804422,85901804,901254292,9246438104
T0748|B12|1,2,6,44,262,1692,11484,75672,512838,3567212,25041076,177630312
T0749|B12|1,2,10,44,238,1292,7444,43640,261958,1593836,9820780,61084520
T0750|B12|1,2,6,-52,-506,-4068,-13476,28632,1416006,15039596,109958836,332133672
T0751|B12|1,2,6,20,86,412,2364,14632,92054,570764,3501076,21413592
T0752|B12|1,2,6,20,38,-68,-1956,-18968,-140794,-910996,-5177804,-25187688
T0753|B12|1,2,6,20,102,572,3804,25832,171462,1096940,6877876,42860952
T0754|B12|1,2,18,92,862,6252,59924,514936,5056734,47595164,478825804,4753326888
T0755|B12|1,2,6,20,70,-48,-2676,-34368,-323130,-2597380,-18420944,-117559968
T0756|B12|1,2,6,20,198,1532,12444,93032,690246,5016044,38569396,311253912
T0757|B12|1,2,12,56,346,2052,13324,86984,588522,4029812,28089880,197867760
T0758|B12|1,2,6,20,-58,-1028,-10596,-86168,-564154,-3112468,-11104844,21318552
T0759|B12|1,2,4,8,4,-88,-656,-3232,-12764,-40312,-84656,49568
T0760|B12|1,2,6,20,70,302,1524,9732,68870,489620,3368056,22228032
T0761|B12|1,2,6,20,70,247,864,2802,7270,4520,-132719,-1428018
T0762|B12|1,2,6,20,70,282,1284,7212,46470,313220,2092351,13566522
T0763|B12|1,2,6,20,38,-68,-1956,-18968,-142138,-935188,-5540684,-29622888
T0764|B12|1,2,6,-76,-698,-5508,-17316,50472,2044998,21305324,153780916,440835672
T0765|B12|1,2,6,20,70,247,864,2802,7270,4520,-132719,-1428018
T0766|B12|1,2,6,20,54,92,-516,-7768,-64746,-445300,-2708204,-14828328
T0767|B12|1,2,6,20,-250,-2948,-27876,-220568,-1103546,-1983508,60019636,1128513432
T0768|B12|1,2,6,20,-58,-1028,-10596,-86168,-564154,-3112468,-11104844,21318552
T0769|B12|1,2,6,20,-250,-2948,-27876,-220568,-1103546,-1983508,60019636,1128513432
T0770|B12|1,2,2,-4,-38,-188,-436,1864,23482,113684,233092,-1015496
T0771|B12|1,2,6,20,70,302,1524,9732,68870,489620,3368056,22228032
T0772|B12|1,2,6,20,86,412,2364,14632,91718,564716,3410356,20304792
T0773|B12|1,2,18,92,742,5052,40724,313336,2581254,21099884,177852124,1504241928
T0774|B12|1,2,6,2,-74,-828,-5376,-28068,-89946,107084,4872676,48635292
T0775|B12|1,2,6,20,134,892,6684,48232,339014,2306540,15990196,114584472
T0776|B12|1,2,6,20,70,492,3804,33672,281670,2165420,15584116,106643352
T0777|B12|1,2,22,116,1222,9212,95164,849704,8804422,85901804,901254292,9246438104
T0778|B12|1,2,6,23,94,432,2139,10992,57726,306752,1642456,8850162
T0779|B12|1,2,54,308,7558,67452,1465724,16833448,338061126,4539129836,87034522708,1293493599576
T0780|B12|1,2,6,20,-58,-1028,-10596,-86168,-564154,-3112468,-11104844,21318552
T0781|B12|1,2,12,56,346,2052,13324,86984,588522,4029812,28089880,197867760
T0782|B12|1,2,6,20,70,-48,-2676,-34368,-323130,-2597380,-18420944,-117559968
T0783|B12|1,2,6,-76,-698,-5508,-17316,50472,2044998,21305324,153780916,440835672
T0784|B12|1,2,6,20,710,6652,58524,451432,4955206,52883948,612081076,6686452632
T0785|B12|1,2,2,-4,-50,-308,-1276,-3176,1222,67820,467452,2081224
T0786|B12|1,2,6,-124,-1082,-8388,18924,709032,10681542,61689836,-31601804,-9386157768
T0787|B12|1,2,-90,-556,19654,211452,-5194276,-84728600,1435071558,34197180908,-379534695308,-13613674905576
T0788|B12|1,2,6,20,38,-68,-1956,-18968,-142138,-935188,-5540684,-29622888
T0789|B12|1,2,-42,-268,4102,48252,-427076,-8762584,34521414,1516708844,550563604,-237286057512
T0790|B12|1,2,14,68,454,2812,19244,130888,923206,6558188,47358244,344659768
T0791|B12|1,2,22,116,1030,7292,62524,500264,4315462,36582380,320162452,2798417624
T0792|B12|1,2,6,20,70,222,564,-348,-20730,-215980,-1717889,-12046758
T0793|B12|1,2,-26,-172,1222,16892,-30116,-1420312,-3861434,86454764,756269044,-866542312
T0794|B12|1,2,6,-76,-698,-5508,-17316,50472,2044998,21305324,153780916,440835672
T0795|B12|1,2,-42,-268,4102,48252,-427076,-8762584,34521414,1516708844,550563604,-237286057512
T0796|B12|1,2,6,20,134,892,6684,48232,339014,2306540,15990196,114584472
T0797|B12|1,2,6,20,70,52,-1476,-21768,-211130,-1715380,-12386444,-81820968
T0798|B12|1,2,22,116,1222,9212,95164,849704,8804422,85901804,901254292,9246438104
T0799|B12|1,2,6,20,-90,-1348,-13476,-108568,-658234,-2999572,-379724,192052632
T0800|B12|1,2,6,20,70,1452,15324,154632,1356870,10632620,83517556,669787032
