=== Trial 01 ===
Family A: 1, 2, 6, 20, 30, -148, -2676, -24568, -179098, -1148884, -6488204, -31291368
Family A': 1, 2, 6, 20, -250, -2948, -27876, -220568, -1103546, -1983508, 60019636, 1128513432
Family B: 1, 2, 54, 308, 7558, 67452, 1465724, 16833448, 338061126, 4539129836, 87034522708, 1293493599576
Family B': 1, 2, 18, 92, 742, 5052, 40724, 313336, 2581254, 21099884, 177852124, 1504241928
Family C: 1, 2, 6, 20, 70, 212, 444, -1608, -31930, -304180, -2352524, -16306728
Family C': 1, 2, 6, 20, 70, 192, 204, -4128, -54330, -480580, -3615584, -24690048
Holdout  H: 1, 2, 6, 20, 70, 492, 3804, 33672, 281670, 2165420, 15584116, 106643352

=== Trial 02 ===
Family A: 1, 2, -18, -124, 166, 5052, 17324, -78776, -1172538, -7056148, 4423780, 636325560
Family A': 1, 2, -42, -268, 2182, 29052, -62276, -2580184, -6497466, 164214764, 1388251924, -2216402472
Family B: 1, 2, 6, 20, 710, 6652, 58524, 451432, 4955206, 52883948, 612081076, 6686452632
Family B': 1, 2, 6, 20, 86, 412, 2364, 14632, 92054, 570764, 3501076, 21413592
Family C: 1, 2, 6, 20, 70, 277, 1224, 6582, 40870, 269120, 1774381, 11422182
Family C': 1, 2, 6, 20, 70, 492, 3804, 33672, 281670, 2165420, 15584116, 106643352
Holdout  H: 1, 2, 6, 8, -26, -468, -3636, -22608, -116154, -484948, -1336844, 1390512

=== Trial 03 ===
Family A: 1, 2, 6, 20, -250, -2948, -27876, -220568, -1103546, -1983508, 60019636, 1128513432
Family A': 1, 2, 6, 20, 6, -388, -4836, -41368, -288186, -1757716, -8846924, -30383208
Family B: 1, 2, 54, 308, 5638, 48252, 755324, 7963048, 116408646, 1380299756, 19610773588, 249352226136
Family B': 1, 2, 8, 32, 148, 712, 3584, 18496, 97444, 521096, 2820448, 15414016
Family C: 1, 2, 6, -76, -698, -5508, -17316, 50472, 2044998, 21305324, 153780916, 440835672
Family C': 1, 2, 6, 8, -26, -468, -3636, -22608, -116154, -484948, -1336844, 1390512
Holdout  H: 1, 2, 6, 2, -74, -828, -5376, -28068, -89946, 107084, 4872676, 48635292

=== Trial 04 ===
Family A: 1, 2, 6, 20, 70, 262, 1044, 4692, 24070, 136820, 819976, 4978272
Family A': 1, 2, 6, 20, 70, 852, 8124, 79032, 684870, 5340620, 40069156, 296042232
Family B: 1, 2, 10, 44, 250, 1412, 8764, 55400, 364858, 2446100, 16753300, 116310680
Family B': 1, 2, 18, 92, 742, 5052, 40724, 313336, 2581254, 21099884, 177852124, 1504241928
Family C: 1, 2, 6, 32, 166, 972, 6039, 37242, 235134, 1519292, 9958936, 66187992
Family C': 1, 2, 6, 44, 262, 1692, 11484, 75672, 512838, 3567212, 25041076, 177630312
Holdout  H: 1, 2, 6, 20, -250, -2948, -27876, -220568, -1103546, -1983508, 60019636, 1128513432

=== Trial 05 ===
Family A: 1, 2, 6, 20, 230, 1852, 15324, 115432, 909766, 7161068, 61713076, 554471832
Family A': 1, 2, 6, 20, 230, 1852, 15324, 115432, 861382, 6290156, 48649396, 394804632
Family B: 1, 2, 6, 14, 22, -108, -1416, -10428, -61722, -316948, -1417724, -5272188
Family B': 1, 2, 6, -16, -218, -1908, -8751, -18618, 298638, 4345724, 37881616, 194943432
Family C: 1, 2, 6, 164, 1222, 8892, 134124, 1414632, 14745798, 192423404, 2254611316, 26990877432
Family C': 1, 2, 6, 26, 118, 612, 3384, 18972, 107622, 615788, 3551236, 20653932
Holdout  H: 1, 2, 6, 20, 70, 452, 3324, 28632, 236870, 1812620, 13015156, 88934232

=== Trial 06 ===
Family A: 1, 2, 6, 26, 118, 612, 3384, 18972, 107622, 615788, 3551236, 20653932
Family A': 1, 2, 6, 308, 2374, 17532, 418524, 4942632, 54880326, 963954668, 13234487476, 178880716632
Family B: 1, 2, 22, 116, 1030, 7292, 62524, 500264, 4315462, 36582380, 320162452, 2798417624
Family B': 1, 2, 10, 44, 250, 1412, 8764, 55400, 364858, 2446100, 16753300, 116310680
Family C: 1, 2, 6, 20, 78, 332, 1644, 9032, 52182, 304652, 1767316, 10135512
Family C': 1, 2, 6, 20, 390, 3452, 29724, 227432, 2032454, 18337772, 184205236, 1853351832
Holdout  H: 1, 2, 6, 20, 70, 222, 564, -348, -20730, -215980, -1717889, -12046758

=== Trial 07 ===
Family A: 1, 2, 6, 308, 2374, 17532, 418524, 4942632, 54880326, 963954668, 13234487476, 178880716632
Family A': 1, 2, 6, 38, 214, 1332, 9024, 60132, 418086, 3014156, 21956836, 162338772
Family B: 1, 2, 30, 164, 1894, 14652, 157324, 1429640, 15122118, 149402348, 1587779332, 16441872504
Family B': 1, 2, 14, 68, 454, 2812, 19244, 130888, 923206, 6558188, 47358244, 344659768
Family C: 1, 2, 6, 20, 50, 52, -876, -10568, -84122, -568276, -3423884, -18619368
Family C': 1, 2, 6, 20, 38, -68, -1956, -18968, -142138, -935188, -5540684, -29622888
Holdout  H: 1, 2, 6, 20, -58, -1028, -10596, -86168, -564154, -3112468, -11104844, 21318552

=== Trial 08 ===
Family A: 1, 2, 6, 20, 74, 292, 1284, 6232, 32498, 176132, 968476, 5328072
Family A': 1, 2, 6, 20, 74, 292, 1284, 6232, 32498, 176132, 968476, 5328072
Family B: 1, 2, 6, 32, 166, 972, 6039, 37242, 235134, 1519292, 9958936, 66187992
Family B': 1, 2, 6, 32, 166, 972, 5964, 36192, 222534, 1388588, 8762356, 55903872
Family C: 1, 2, 6, 20, 70, 52, -1476, -21768, -211130, -1715380, -12386444, -81820968
Family C': 1, 2, 6, 20, 70, -348, -6276, -72168, -659130, -5243380, -36135644, -216223368
Holdout  H: 1, 2, 6, 20, 70, 12, -1956, -26808, -255930, -2068180, -14897804, -98262888

=== Trial 09 ===
Family A: 1, 2, 6, 20, 102, 572, 3804, 25832, 172806, 1121132, 7240756, 47296152
Family A': 1, 2, 6, 20, 86, 412, 2364, 14632, 92054, 570764, 3501076, 21413592
Family B: 1, 2, 6, 20, 70, 232, 684, 912, -9530, -127780, -1084604, -7816488
Family B': 1, 2, 6, 20, 70, -948, -13476, -147768, -1331130, -10535380, -68892044, -354744168
Family C: 1, 2, 6, 20, 70, 452, 3324, 28632, 236870, 1812620, 13015156, 88934232
Family C': 1, 2, 6, 20, 70, 1452, 15324, 154632, 1356870, 10632620, 83517556, 669787032
Holdout  H: 1, 2, 6, 20, 70, 372, 2364, 18552, 147270, 1107020, 7844836, 52803192

=== Trial 10 ===
Family A: 1, 2, 6, 92, 646, 4572, 44124, 381432, 3448134, 33441644, 313770676, 3022288392
Family A': 1, 2, 6, 308, 2374, 17532, 418524, 4942632, 54880326, 963954668, 13234487476, 178880716632
Family B: 1, 2, -42, -268, 4102, 48252, -427076, -8762584, 34521414, 1516708844, 550563604, -237286057512
Family B': 1, 2, -90, -556, 19654, 211452, -5194276, -84728600, 1435071558, 34197180908, -379534695308, -13613674905576
Family C: 1, 2, 18, 92, 742, 5052, 40724, 313336, 2581254, 21099884, 177852124, 1504241928
Family C': 1, 2, 12, 56, 346, 2052, 13324, 86984, 588522, 4029812, 28089880, 197867760
Holdout  H: 1, 2, 6, -124, -1082, -8388, 18924, 709032, 10681542, 61689836, -31601804, -9386157768

=== Trial 11 ===
Family A: 1, 2, 6, 20, 70, 232, 684, 912, -9530, -127780, -1084604, -7816488
Family A': 1, 2, 6, 20, 70, 12, -1956, -26808, -255930, -2068180, -14897804, -98262888
Family B: 1, 2, -6, -52, -122, 252, 4324, 29528, 78726, -681364, -8138612, -27810264
Family B': 1, 2, -42, -268, 4102, 48252, -427076, -8762584, 34521414, 1516708844, 550563604, -237286057512
Family C: 1, 2, 6, 23, 94, 432, 2139, 10992, 57726, 306752, 1642456, 8850162
Family C': 1, 2, 6, 68, 454, 3132, 25164, 191592, 1536966, 12886508, 106943476, 902302392
Holdout  H: 1, 2, 6, 20, -10, -548, -6276, -52568, -363002, -2201236, -10983884, -36676968

=== Trial 12 ===
Family A: 1, 2, 6, -16, -218, -1908, -8751, -18618, 298638, 4345724, 37881616, 194943432
Family A': 1, 2, 6, -124, -1082, -8388, 18924, 709032, 10681542, 61689836, -31601804, -9386157768
Family B: 1, 2, 6, 20, 90, 452, 2724, 17432, 111878, 701804, 4337716, 26683032
Family B': 1, 2, 6, 20, 86, 412, 2364, 14632, 91718, 564716, 3410356, 20304792
Family C: 1, 2, 6, 20, 70, 232, 684, 912, -9530, -127780, -1084604, -7816488
Family C': 1, 2, 6, 20, 70, -948, -13476, -147768, -1331130, -10535380, -68892044, -354744168
Holdout  H: 1, 2, 6, 38, 214, 1332, 9024, 60132, 418086, 3014156, 21956836, 162338772

=== Trial 13 ===
Family A: 1, 2, 6, 308, 2374, 17532, 418524, 4942632, 54880326, 963954668, 13234487476, 178880716632
Family A': 1, 2, 6, 68, 454, 3132, 25164, 191592, 1536966, 12886508, 106943476, 902302392
Family B: 1, 2, 6, 20, 70, 202, 324, -2868, -43130, -392380, -2982344, -20460768
Family B': 1, 2, 6, 20, 70, 132, -516, -11688, -121530, -1009780, -7396124, -49649928
Family C: 1, 2, 6, 20, 70, 492, 3804, 33672, 281670, 2165420, 15584116, 106643352
Family C': 1, 2, 6, 20, 70, 452, 3324, 28632, 236870, 1812620, 13015156, 88934232
Holdout  H: 1, 2, 6, 20, -58, -1028, -10596, -86168, -564154, -3112468, -11104844, 21318552

=== Trial 14 ===
Family A: 1, 2, -42, -268, 4102, 48252, -427076, -8762584, 34521414, 1516708844, 550563604, -237286057512
Family A': 1, 2, -10, -76, -122, 892, 8444, 44200, 46918, -1777684, -15941420, -34848680
Family B: 1, 2, 6, 20, 70, 202, 324, -2868, -43130, -392380, -2982344, -20460768
Family B': 1, 2, 6, 20, 70, -948, -13476, -147768, -1331130, -10535380, -68892044, -354744168
Family C: 1, 2, 6, -268, -2234, -17028, 188124, 3531432, 46751814, 52206572, -4343557964, -108466070568
Family C': 1, 2, 6, -28, -314, -2628, -13236, -43608, 182214, 4145132, 41602036, 272662392
Holdout  H: 1, 2, -2, -28, -122, -388, -116, 10376, 79174, 280556, -56252, -7525384

=== Trial 15 ===
Family A: 1, 2, -6, -52, -122, 252, 4324, 29528, 78726, -681364, -8138612, -27810264
Family A': 1, 2, -10, -76, -122, 892, 8444, 44200, 46918, -1777684, -15941420, -34848680
Family B: 1, 2, 6, 20, 70, 12, -1956, -26808, -255930, -2068180, -14897804, -98262888
Family B': 1, 2, 6, 20, 70, 12, -1956, -26808, -255930, -2068180, -14897804, -98262888
Family C: 1, 2, 6, 8, -26, -468, -3561, -21558, -103554, -363652, -328424, 8569992
Family C': 1, 2, 6, 8, -26, -468, -3561, -21558, -103554, -363652, -328424, 8569992
Holdout  H: 1, 2, 6, 20, 102, 572, 3804, 25832, 171462, 1096940, 6877876, 42860952

=== Trial 16 ===
Family A: 1, 2, 54, 308, 5638, 48252, 755324, 7963048, 116408646, 1380299756, 19610773588, 249352226136
Family A': 1, 2, 8, 32, 148, 712, 3584, 18496, 97444, 521096, 2820448, 15414016
Family B: 1, 2, 6, 56, 358, 2412, 18924, 142032, 1125702, 9342380, 76962676, 645302352
Family B': 1, 2, 6, 29, 142, 792, 4749, 28632, 177678, 1132220, 7339936, 48341262
Family C: 1, 2, 6, 20, 38, -68, -1956, -18968, -140794, -910996, -5177804, -25187688
Family C': 1, 2, 6, 20, 38, -68, -1956, -18968, -140794, -910996, -5177804, -25187688
Holdout  H: 1, 2, 22, 116, 1030, 7292, 62524, 500264, 4315462, 36582380, 320162452, 2798417624

=== Trial 17 ===
Family A: 1, 2, 6, 20, -250, -2948, -27876, -220568, -1103546, -1983508, 60019636, 1128513432
Family A': 1, 2, 6, 20, 62, 172, 204, -2168, -26218, -203380, -1337324, -7985448
Family B: 1, 2, 6, 29, 142, 792, 4749, 28632, 177678, 1132220, 7339936, 48341262
Family B': 1, 2, 6, 23, 94, 432, 2139, 10992, 57726, 306752, 1642456, 8850162
Family C: 1, 2, 6, 20, 70, 852, 8124, 79032, 684870, 5340620, 40069156, 296042232
Family C': 1, 2, 6, 20, 70, 372, 2364, 18552, 147270, 1107020, 7844836, 52803192
Holdout  H: 1, 2, 6, 20, 70, 282, 1284, 7212, 46470, 313220, 2092351, 13566522

=== Trial 18 ===
Family A: 1, 2, 6, 20, 66, 212, 564, 632, -6702, -77884, -583844, -3732408
Family A': 1, 2, 6, 20, 30, -148, -2676, -24568, -179098, -1148884, -6488204, -31291368
Family B: 1, 2, -26, -172, 1222, 16892, -30116, -1420312, -3861434, 86454764, 756269044, -866542312
Family B': 1, 2, -10, -76, -122, 892, 8444, 44200, 46918, -1777684, -15941420, -34848680
Family C: 1, 2, 14, 68, 454, 2812, 19244, 130888, 923206, 6558188, 47358244, 344659768
Family C': 1, 2, 8, 32, 148, 712, 3584, 18496, 97444, 521096, 2820448, 15414016
Holdout  H: 1, 2, 6, 20, 150, 1052, 8124, 59432, 420998, 2879084, 20062516, 144532632

=== Trial 19 ===
Family A: 1, 2, 30, 164, 2374, 19452, 267724, 2706440, 36384198, 414707948, 5545913092, 67988527224
Family A': 1, 2, 22, 116, 1222, 9212, 95164, 849704, 8804422, 85901804, 901254292, 9246438104
Family B: 1, 2, 6, 116, 838, 6012, 59484, 520872, 4754502, 46529516, 439292596, 4254790872
Family B': 1, 2, 6, 29, 142, 792, 4749, 28632, 177678, 1132220, 7339936, 48341262
Family C: 1, 2, 6, -76, -698, -5508, -17316, 50472, 2044998, 21305324, 153780916, 440835672
Family C': 1, 2, 6, -16, -218, -1908, -9876, -34368, 109638, 2850860, 29246836, 194361312
Holdout  H: 1, 2, 6, 11, -2, -288, -2451, -15468, -76338, -278980, -355424, 5460402

=== Trial 20 ===
Family A: 1, 2, 6, 20, 710, 6652, 58524, 451432, 4955206, 52883948, 612081076, 6686452632
Family A': 1, 2, 6, 20, 710, 6652, 58524, 451432, 4955206, 52883948, 612081076, 6686452632
Family B: 1, 2, 6, 17, 46, 72, -261, -3708, -26946, -159112, -831944, -3946578
Family B': 1, 2, 6, 8, -26, -468, -3636, -22608, -116154, -484948, -1336844, 1390512
Family C: 1, 2, 6, 20, 66, 212, 564, 632, -6702, -77884, -583844, -3732408
Family C': 1, 2, 6, 20, 50, 52, -876, -10568, -84122, -568276, -3423884, -18619368
Holdout  H: 1, 2, 6, 44, 262, 1692, 11484, 75672, 512838, 3567212, 25041076, 177630312

=== Trial 21 ===
Family A: 1, 2, 6, 20, 70, 247, 864, 2802, 7270, 4520, -132719, -1428018
Family A': 1, 2, 6, 20, 70, 212, 444, -1608, -31930, -304180, -2352524, -16306728
Family B: 1, 2, 6, 20, 390, 3452, 29724, 227432, 2032454, 18337772, 184205236, 1853351832
Family B': 1, 2, 6, 20, 86, 412, 2364, 14632, 92054, 570764, 3501076, 21413592
Family C: 1, 2, 6, 20, -10, -548, -6276, -52568, -363002, -2201236, -10983884, -36676968
Family C': 1, 2, 6, 20, 6, -388, -4836, -41368, -288186, -1757716, -8846924, -30383208
Holdout  H: 1, 2, -2, -28, -74, 92, 2284, 17096, 52294, -332308, -4410812, -16142344

=== Trial 22 ===
Family A: 1, 2, 6, -268, -2234, -17028, 188124, 3531432, 46751814, 52206572, -4343557964, -108466070568
Family A': 1, 2, 6, -52, -506, -4068, -8976, 91632, 2172006, 19438508, 112887076, -187117368
Family B: 1, 2, 6, 20, 70, 352, 2124, 16032, 124870, 930620, 6567556, 44107032
Family B': 1, 2, 6, 20, 70, 262, 1044, 4692, 24070, 136820, 819976, 4978272
Family C: 1, 2, 22, 116, 1030, 7292, 62524, 500264, 4315462, 36582380, 320162452, 2798417624
Family C': 1, 2, 18, 92, 862, 6252, 59924, 514936, 5056734, 47595164, 478825804, 4753326888
Holdout  H: 1, 2, 22, 116, 1222, 9212, 95164, 849704, 8804422, 85901804, 901254292, 9246438104

=== Trial 23 ===
Family A: 1, 2, 10, 44, 238, 1292, 7444, 43640, 261958, 1593836, 9820780, 61084520
Family A': 1, 2, 12, 56, 346, 2052, 13324, 86984, 588522, 4029812, 28089880, 197867760
Family B: 1, 2, 6, 14, 22, -108, -1416, -10428, -61722, -316948, -1417724, -5272188
Family B': 1, 2, 6, -16, -218, -1908, -8751, -18618, 298638, 4345724, 37881616, 194943432
Family C: 1, 2, -6, -52, -122, 252, 4324, 29528, 78726, -681364, -8138612, -27810264
Family C': 1, 2, 2, -4, -38, -188, -436, 1864, 23482, 113684, 233092, -1015496
Holdout  H: 1, 2, 6, 8, -26, -468, -3561, -21558, -103554, -363652, -328424, 8569992

=== Trial 24 ===
Family A: 1, 2, 2, -4, -38, -188, -436, 1864, 23482, 113684, 233092, -1015496
Family A': 1, 2, 2, -4, -38, -188, -436, 1864, 23482, 113684, 233092, -1015496
Family B: 1, 2, 6, 20, 70, 302, 1524, 9732, 68870, 489620, 3368056, 22228032
Family B': 1, 2, 6, 20, 70, 282, 1284, 7212, 46470, 313220, 2092351, 13566522
Family C: 1, 2, 6, 23, 94, 432, 2139, 10992, 57726, 306752, 1642456, 8850162
Family C': 1, 2, 6, 38, 214, 1332, 9024, 60132, 418086, 3014156, 21956836, 162338772
Holdout  H: 1, 2, 6, 308, 2374, 17532, 418524, 4942632, 54880326, 963954668, 13234487476, 178880716632

=== Trial 25 ===
Family A: 1, 2, 6, 20, 110, 652, 4524, 31432, 212902, 1391276, 9034996, 59313432
Family A': 1, 2, 6, 20, 134, 892, 6684, 48232, 339014, 2306540, 15990196, 114584472
Family B: 1, 2, 0, -16, -86, -348, -676, 3880, 42858, 195188, 327232, -2337696
Family B': 1, 2, -2, -28, -74, 92, 2284, 17096, 52294, -332308, -4410812, -16142344
Family C: 1, 2, 54, 308, 7558, 67452, 1465724, 16833448, 338061126, 4539129836, 87034522708, 1293493599576
Family C': 1, 2, 102, 596, 26566, 249852, 9343324, 116991464, 3848486982, 58305382892, 1754066444020, 30356409321240
Holdout  H: 1, 2, 6, 20, 710, 6652, 58524, 451432, 4955206, 52883948, 612081076, 6686452632

=== Trial 26 ===
Family A: 1, 2, 6, 20, 102, 572, 3804, 25832, 172806, 1121132, 7240756, 47296152
Family A': 1, 2, 6, 20, 86, 412, 2364, 14632, 92054, 570764, 3501076, 21413592
Family B: 1, 2, 6, 164, 1222, 8892, 134124, 1414632, 14745798, 192423404, 2254611316, 26990877432
Family B': 1, 2, 6, 92, 646, 4572, 48624, 444432, 4204134, 44162732, 443142436, 4589355432
Family C: 1, 2, 22, 116, 1222, 9212, 95164, 849704, 8804422, 85901804, 901254292, 9246438104
Family C': 1, 2, 30, 164, 2374, 19452, 267724, 2706440, 36384198, 414707948, 5545913092, 67988527224
Holdout  H: 1, 2, 6, 20, 102, 572, 3804, 25832, 171462, 1096940, 6877876, 42860952

=== Trial 27 ===
Family A: 1, 2, 6, 8, -26, -468, -3636, -22608, -116154, -484948, -1336844, 1390512
Family A': 1, 2, 6, -16, -218, -1908, -8751, -18618, 298638, 4345724, 37881616, 194943432
Family B: 1, 2, 6, 20, 70, 102, -876, -15468, -155130, -1274380, -9229469, -60877518
Family B': 1, 2, 6, 20, 70, 152, -276, -9168, -99130, -833380, -6133244, -41270568
Family C: 1, 2, 6, 20, 230, 1852, 15324, 115432, 861382, 6290156, 48649396, 394804632
Family C': 1, 2, 6, 20, 86, 412, 2364, 14632, 91718, 564716, 3410356, 20304792
Holdout  H: 1, 2, -6, -52, -2, 1452, 6724, -4072, -268194, -2410084, -5351492, 138367176

=== Trial 28 ===
Family A: 1, 2, 6, 20, 70, 452, 3324, 28632, 236870, 1812620, 13015156, 88934232
Family A': 1, 2, 6, 20, 70, 272, 1164, 5952, 35270, 225020, 1455556, 9259032
Family B: 1, 2, 6, 20, 70, 232, 684, 912, -9530, -127780, -1084604, -7816488
Family B': 1, 2, 6, 20, 70, 52, -1476, -21768, -211130, -1715380, -12386444, -81820968
Family C: 1, 2, 6, 20, -10, -548, -6276, -52568, -350906, -1983508, -7717964, 3239832
Family C': 1, 2, 6, 20, 38, -68, -1956, -18968, -140794, -910996, -5177804, -25187688
Holdout  H: 1, 2, 6, 20, 70, 277, 1224, 6582, 40870, 269120, 1774381, 11422182

=== Trial 29 ===
Family A: 1, 2, 6, -268, -2234, -17028, 188124, 3531432, 46751814, 52206572, -4343557964, -108466070568
Family A': 1, 2, 6, 8, -26, -468, -3561, -21558, -103554, -363652, -328424, 8569992
Family B: 1, 2, 6, 20, 70, 402, 2724, 22332, 180870, 1371620, 9821731, 67188882
Family B': 1, 2, 6, 20, 70, 272, 1164, 5952, 35270, 225020, 1455556, 9259032
Family C: 1, 2, -18, -124, 166, 5052, 17324, -78776, -1172538, -7056148, 4423780, 636325560
Family C': 1, 2, 2, -4, -38, -188, -436, 1864, 23482, 113684, 233092, -1015496
Holdout  H: 1, 2, 6, 20, 70, -48, -2676, -34368, -323130, -2597380, -18420944, -117559968

=== Trial 30 ===
Family A: 1, 2, 6, 20, -10, -548, -6276, -52568, -363002, -2201236, -10983884, -36676968
Family A': 1, 2, 6, 20, 54, 92, -516, -7768, -64746, -445300, -2708204, -14828328
Family B: 1, 2, -6, -52, -122, 252, 4324, 29528, 78726, -681364, -8138612, -27810264
Family B': 1, 2, -42, -268, 2182, 29052, -62276, -2580184, -6497466, 164214764, 1388251924, -2216402472
Family C: 1, 2, 6, 20, 198, 1532, 12444, 93032, 690246, 5016044, 38569396, 311253912
Family C': 1, 2, 6, 20, 74, 292, 1284, 6232, 32498, 176132, 968476, 5328072
Holdout  H: 1, 2, 6, 20, 70, 247, 864, 2802, 7270, 4520, -132719, -1428018

=== Trial 31 ===
Family A: 1, 2, 6, 20, 70, 242, 804, 2172, 1670, -39580, -450104, -3559488
Family A': 1, 2, 6, 20, 70, 222, 564, -348, -20730, -215980, -1717889, -12046758
Family B: 1, 2, 18, 92, 862, 6252, 59924, 514936, 5056734, 47595164, 478825804, 4753326888
Family B': 1, 2, 54, 308, 5638, 48252, 755324, 7963048, 116408646, 1380299756, 19610773588, 249352226136
Family C: 1, 2, 6, -4, -122, -1188, -7716, -41928, -164538, -244372, 3552436, 47314632
Family C': 1, 2, 6, -4, -122, -1188, -7716, -41928, -164538, -244372, 3552436, 47314632
Holdout  H: 1, 2, 10, 44, 250, 1412, 8764, 55400, 364858, 2446100, 16753300, 116310680

=== Trial 32 ===
Family A: 1, 2, 6, 20, 70, 262, 1044, 4692, 24070, 136820, 819976, 4978272
Family A': 1, 2, 6, 20, 70, 292, 1404, 8472, 57670, 401420, 2727796, 17844312
Family B: 1, 2, 6, -4, -122, -1188, -7416, -37728, -114138, 221996, 7209796, 69823272
Family B': 1, 2, 6, -52, -506, -4068, -8976, 91632, 2172006, 19438508, 112887076, -187117368
Family C: 1, 2, 6, 20, 90, 452, 2724, 17432, 111878, 701804, 4337716, 26683032
Family C': 1, 2, 6, 20, 78, 332, 1644, 9032, 52182, 304652, 1767316, 10135512
Holdout  H: 1, 2, 6, 20, 70, 247, 864, 2802, 7270, 4520, -132719, -1428018

=== Trial 33 ===
Family A: 1, 2, 6, 20, 70, 277, 1224, 6582, 40870, 269120, 1774381, 11422182
Family A': 1, 2, 6, 20, 70, 352, 2124, 16032, 124870, 930620, 6567556, 44107032
Family B: 1, 2, 4, 8, 4, -88, -656, -3232, -12764, -40312, -84656, 49568
Family B': 1, 2, -6, -52, -122, 252, 4324, 29528, 78726, -681364, -8138612, -27810264
Family C: 1, 2, 6, 8, -26, -468, -3561, -21558, -103554, -363652, -328424, 8569992
Family C': 1, 2, 6, 14, 22, -108, -1416, -10428, -61722, -316948, -1417724, -5272188
Holdout  H: 1, 2, 6, 20, 70, -48, -2676, -34368, -323130, -2597380, -18420944, -117559968

=== Trial 34 ===
Family A: 1, 2, 22, 116, 1030, 7292, 62524, 500264, 4315462, 36582380, 320162452, 2798417624
Family A': 1, 2, 12, 56, 346, 2052, 13324, 86984, 588522, 4029812, 28089880, 197867760
Family B: 1, 2, 6, -268, -2234, -17028, 188124, 3531432, 46751814, 52206572, -4343557964, -108466070568
Family B': 1, 2, 6, -52, -506, -4068, -13476, 28632, 1416006, 15039596, 109958836, 332133672
Family C: 1, 2, 6, 20, 198, 1532, 12444, 93032, 690246, 5016044, 38569396, 311253912
Family C': 1, 2, 6, 20, 86, 412, 2364, 14632, 91718, 564716, 3410356, 20304792
Holdout  H: 1, 2, 6, 20, 74, 292, 1284, 6232, 32498, 176132, 968476, 5328072

=== Trial 35 ===
Family A: 1, 2, 6, 20, 70, 12, -1956, -26808, -255930, -2068180, -14897804, -98262888
Family A': 1, 2, 6, 20, 70, 227, 624, 282, -15130, -171880, -1400819, -9922218
Family B: 1, 2, 6, 14, 22, -108, -1416, -10428, -61722, -316948, -1417724, -5272188
Family B': 1, 2, 6, -16, -218, -1908, -8751, -18618, 298638, 4345724, 37881616, 194943432
Family C: 1, 2, 6, 20, 70, 372, 2364, 18552, 147270, 1107020, 7844836, 52803192
Family C': 1, 2, 6, 20, 70, 262, 1044, 4692, 24070, 136820, 819976, 4978272
Holdout  H: 1, 2, 14, 68, 454, 2812, 19244, 130888, 923206, 6558188, 47358244, 344659768

=== Trial 36 ===
Family A: 1, 2, 6, 20, 70, 152, -276, -9168, -99130, -833380, -6133244, -41270568
Family A': 1, 2, 6, 20, 70, -348, -6276, -72168, -659130, -5243380, -36135644, -216223368
Family B: 1, 2, 6, 20, 70, 292, 1404, 8472, 57670, 401420, 2727796, 17844312
Family B': 1, 2, 6, 20, 70, 282, 1284, 7212, 46470, 313220, 2092351, 13566522
Family C: 1, 2, -6, -52, -2, 1452, 6724, -4072, -268194, -2410084, -5351492, 138367176
Family C': 1, 2, 2, -4, -50, -308, -1276, -3176, 1222, 67820, 467452, 2081224
Holdout  H: 1, 2, 6, 32, 166, 972, 5964, 36192, 222534, 1388588, 8762356, 55903872

=== Trial 37 ===
Family A: 1, 2, 6, 20, 70, 152, -276, -9168, -99130, -833380, -6133244, -41270568
Family A': 1, 2, 6, 20, 70, 192, 204, -4128, -54330, -480580, -3615584, -24690048
Family B: 1, 2, 38, 212, 3526, 29692, 446684, 4652776, 66607174, 782490092, 10976252788, 138551429656
Family B': 1, 2, 12, 56, 346, 2052, 13324, 86984, 588522, 4029812, 28089880, 197867760
Family C: 1, 2, 6, 20, 86, 412, 2364, 14632, 92054, 570764, 3501076, 21413592
Family C': 1, 2, 6, 20, 86, 412, 2364, 14632, 92054, 570764, 3501076, 21413592
Holdout  H: 1, 2, 10, 44, 250, 1412, 8764, 55400, 364858, 2446100, 16753300, 116310680

=== Trial 38 ===
Family A: 1, 2, 6, 20, 70, 292, 1404, 8472, 57670, 401420, 2727796, 17844312
Family A': 1, 2, 6, 20, 70, 352, 2124, 16032, 124870, 930620, 6567556, 44107032
Family B: 1, 2, 6, 29, 142, 792, 4749, 28632, 177678, 1132220, 7339936, 48341262
Family B': 1, 2, 6, 92, 646, 4572, 44124, 381432, 3448134, 33441644, 313770676, 3022288392
Family C: 1, 2, 6, 20, 38, -68, -1956, -18968, -142138, -935188, -5540684, -29622888
Family C': 1, 2, 6, 20, -90, -1348, -13476, -108568, -658234, -2999572, -379724, 192052632
Holdout  H: 1, 2, 6, 308, 2374, 17532, 418524, 4942632, 54880326, 963954668, 13234487476, 178880716632

=== Trial 39 ===
Family A: 1, 2, 2, -4, -50, -308, -1276, -3176, 1222, 67820, 467452, 2081224
Family A': 1, 2, -26, -172, 1222, 16892, -30116, -1420312, -3861434, 86454764, 756269044, -866542312
Family B: 1, 2, 6, 56, 358, 2412, 18924, 142032, 1125702, 9342380, 76962676, 645302352
Family B': 1, 2, 6, 44, 262, 1692, 11484, 75672, 512838, 3567212, 25041076, 177630312
Family C: 1, 2, 6, 20, 66, 212, 564, 632, -6702, -77884, -583844, -3732408
Family C': 1, 2, 6, 20, 62, 172, 204, -2168, -26218, -203380, -1337324, -7985448
Holdout  H: 1, 2, 6, 20, 30, -148, -2676, -24568, -179098, -1148884, -6488204, -31291368

=== Trial 40 ===
Family A: 1, 2, 6, 20, 70, -948, -13476, -147768, -1331130, -10535380, -68892044, -354744168
Family A': 1, 2, 6, 20, 70, 232, 684, 912, -9530, -127780, -1084604, -7816488
Family B: 1, 2, 6, 44, 262, 1692, 11784, 79872, 563238, 4108844, 30203716, 224976072
Family B': 1, 2, 6, 44, 262, 1692, 11484, 75672, 512838, 3567212, 25041076, 177630312
Family C: 1, 2, 6, 20, 230, 1852, 15324, 115432, 909766, 7161068, 61713076, 554471832
Family C': 1, 2, 6, 20, 150, 1052, 8124, 59432, 420998, 2879084, 20062516, 144532632
Holdout  H: 1, 2, 6, 20, 710, 6652, 58524, 451432, 4955206, 52883948, 612081076, 6686452632

