T001: 1, 2, 6, 20, 54, 92, -516, -7768, -64746, -445300, -2708204, -14828328, -72109044, -292800584, -769940648, 1622619920, 45552539670, 457568106220, 3556084989732, 23911162997496
T002: 1, 2, 6, 20, 74, 292, 1284, 6232, 32498, 176132, 968476, 5328072, 29157176, 158540592, 857693360, 4627156000, 24953199090, 134785104420, 730245165324, 3971270440872
T003: 1, 2, 6, 29, 142, 792, 4749, 28632, 177678, 1132220, 7339936, 48341262, 322362781, 2170581194, 14740612956, 100850898069, 694451462958, 4809246548364, 33473422522356, 234029843419926
T004: 1, 2, 6, 20, 6, -388, -4836, -41368, -288186, -1757716, -8846924, -30383208, 26534556, 1773332056, 21319358584, 187373654480, 1369583997510, 8443030643020, 41210160051012, 111137551035576
T005: 1, 2, 6, 68, 454, 3132, 25164, 191592, 1536966, 12886508, 106943476, 902302392, 7748295196, 66872844248, 582090260184, 5107033557456, 45038606323782, 399398982345036, 3559522850836548, 31851918308149464
T006: 1, 2, 6, 20, 710, 6652, 58524, 451432, 4955206, 52883948, 612081076, 6686452632, 73756771356, 792367058264, 9000243360632, 105003716645840, 1237560303659590, 14300515999142220, 165894578569020228, 1948111709757639864
T007: 1, 2, 6, 20, 70, 192, 204, -4128, -54330, -480580, -3615584, -24690048, -156464084, -926792800, -5106424800, -25644372560, -111089786170, -342547961460, 204406053300, 15958778851800
T008: 1, 2, -42, -268, 4102, 48252, -427076, -8762584, 34521414, 1516708844, 550563604, -237286057512, -1148340107108, 30360888716888, 334572539297208, -2103313920290992, -63124636557771194, -385023134479197876, 6254584588321934116, 210974424775972255736
T009: 1, 2, 14, 68, 502, 3292, 25484, 191368, 1541446, 12396524, 102999844, 861170488, 7325636476, 62773760792, 543591109208, 4738001098768, 41594015228486, 367126316421452, 3257668692256244, 29034951396405976
T010: 1, 2, 6, 29, 142, 792, 4749, 28632, 177678, 1132220, 7339936, 48341262, 322362781, 2170581194, 14740612956, 100850898069, 694451462958, 4809246548364, 33473422522356, 234029843419926
T011: 1, 2, 6, 20, 70, 452, 3324, 28632, 236870, 1812620, 13015156, 88934232, 597654556, 4064450600, 28588636600, 209301145520, 1579219576390, 12085711926220, 92547654687300, 704177381455800
T012: 1, 2, 22, 116, 1030, 7292, 62524, 500264, 4315462, 36582380, 320162452, 2798417624, 24833855644, 221067472472, 1984394682040, 17880483261776, 161967041797702, 1472227818117452, 13432310809321636, 122912822362417400
T013: 1, 2, 6, 20, 110, 652, 4524, 31432, 212902, 1391276, 9034996, 59313432, 397742316, 2721694328, 18900462104, 132298678160, 929508987590, 6545385890380, 46214089942596, 327452786783928
T014: 1, 2, 6, 20, 70, 227, 624, 282, -15130, -171880, -1400819, -9922218, -64447544, -392108650, -2251422650, -12183215305, -61454950010, -281008548980, -1081701976200, -2587598200200
T015: 1, 2, 6, 8, -26, -468, -3636, -22608, -116154, -484948, -1336844, 1390512, 55725916, 523978808, 3591431640, 20080889568, 90768083526, 283391854668, -46660941756, -9900470601936
T016: 1, 2, 6, 20, 70, 292, 1404, 8472, 57670, 401420, 2727796, 17844312, 112570396, 689421800, 4135407800, 24527698480, 145171863110, 864083538380, 5199287199300, 31692869839800
T017: 1, 2, 6, 20, 70, 402, 2724, 22332, 180870, 1371620, 9821731, 67188882, 454530256, 3132019100, 22444748850, 167778091220, 1290617298790, 10040717421420, 77990522242800, 601693651708800
T018: 1, 2, -2, -28, -74, 92, 2284, 17096, 52294, -332308, -4410812, -16142344, 56922364, 954240536, 4505008408, -2977695088, -196034658746, -1365350946484, -2234885904236, 40616062932632
T019: 1, 2, 6, 20, 70, 552, 4524, 41232, 348870, 2694620, 19681456, 138572832, 994565356, 7527767600, 60457473600, 504664067920, 4251107413190, 35514282244620, 292769332845300, 2392546675123800
T020: 1, 2, 6, -52, -506, -4068, -8976, 91632, 2172006, 19438508, 112887076, -187117368, -11632528244, -158632550152, -1174893175296, -2567733040224, 78369501343302, 1386235059296076, 13035907353545988, 55163967059094024
T021: 1, 2, 6, -4, -122, -1188, -7716, -41928, -164538, -244372, 3552436, 47314632, 378407836, 2296140056, 10389446136, 23691482736, -152264339898, -2645690241204, -23326325764284, -152967441678936
T022: 1, 2, 6, 20, 70, 192, 204, -4128, -54330, -480580, -3615584, -24690048, -156464084, -926792800, -5106424800, -25644372560, -111089786170, -342547961460, 204406053300, 15958778851800
T023: 1, 2, 6, 20, 70, 372, 2364, 18552, 147270, 1107020, 7844836, 52803192, 344563036, 2224555400, 14495357400, 96717634480, 663898071110, 4666761586380, 33270041751300, 238297080799800
T024: 1, 2, 6, 20, -58, -1028, -10596, -86168, -564154, -3112468, -11104844, 21318552, 901078556, 11189678424, 102064342904, 759529704400, 4538131663430, 17958241702220, -22666645617852, -1424084655108936
T025: 1, 2, -10, -76, -122, 892, 8444, 44200, 46918, -1777684, -15941420, -34848680, 418349980, 4227392600, 13390700600, -67854808496, -1053484001722, -5323697436340, 4126296958436, 268172845576312
