T001: 1, 2, 6, 20, 102, 572, 3804, 25832, 172806, 1121132, 7240756, 47296152, 315614556, 2149973464, 14871316984, 103750216400, 726910722630
T002: 1, 2, 22, 116, 1030, 7292, 62524, 500264, 4315462, 36582380, 320162452, 2798417624, 24833855644, 221067472472, 1984394682040, 17880483261776, 161967041797702
T003: 1, 2, 6, 20, 70, 12, -1956, -26808, -255930, -2068180, -14897804, -98262888, -586924004, -3058837000, -12221733000, -13262534000, 428971655750
T004: 1, 2, 6, 20, 102, 572, 3804, 25832, 171462, 1096940, 6877876, 42860952, 268770396, 1706943448, 10992113656, 71569587920, 469270241350
T005: 1, 2, 6, -76, -698, -5508, -17316, 50472, 2044998, 21305324, 153780916, 440835672, -5070573284, -106948181416, -1057655952648, -6317406739632, -2426770568634
T006: 1, 2, 6, 92, 646, 4572, 44124, 381432, 3448134, 33441644, 313770676, 3022288392, 29966598556, 295529404952, 2945653367544, 29728585051632, 300883707006534
T007: 1, 2, 6, 20, -250, -2948, -27876, -220568, -1103546, -1983508, 60019636, 1128513432, 12725568156, 112311920216, 710192887928, 1603405173200, -37622539092410
T008: 1, 2, 6, 20, -58, -1028, -10596, -86168, -564154, -3112468, -11104844, 21318552, 901078556, 11189678424, 102064342904, 759529704400, 4538131663430
T009: 1, 2, 6, 20, 54, 92, -516, -7768, -65082, -451348, -2798924, -15937128, -83717124, -400881128, -1683525320, -5485601200, -5731937210
T010: 1, 2, 6, 20, 230, 1852, 15324, 115432, 909766, 7161068, 61713076, 554471832, 5044593756, 45066630104, 403354900472, 3655247314640, 33722105041990
T011: 1, 2, 6, 116, 838, 6012, 59484, 520872, 4754502, 46529516, 439292596, 4254790872, 42399583516, 419809236056, 4199095206648, 42513428526672, 431460111624774
T012: 1, 2, 30, 164, 2374, 19452, 267724, 2706440, 36384198, 414707948, 5545913092, 67988527224, 912925542940, 11722870485848, 158693510384088, 2101623117771536, 28717805515794502
T013: 1, 2, 6, 20, 390, 3452, 29724, 227432, 2032454, 18337772, 184205236, 1853351832, 18574611356, 180627939416, 1795972622968, 18343298088400, 191258047096390
T014: 1, 2, 14, 68, 502, 3292, 25484, 191368, 1541446, 12396524, 102999844, 861170488, 7325636476, 62773760792, 543591109208, 4738001098768, 41594015228486
T015: 1, 2, 6, 20, -58, -1028, -10596, -86168, -564154, -3112468, -11104844, 21318552, 901078556, 11189678424, 102064342904, 759529704400, 4538131663430
T016: 1, 2, 6, 20, 70, 222, 564, -348, -20730, -215980, -1717889, -12046758, -77860064, -472353100, -2706577350, -14616834220, -73533387290
T017: 1, 2, 6, 20, 86, 412, 2364, 14632, 91718, 564716, 3410356, 20304792, 120171836, 712276632, 4249954232, 25583924560, 155345692230
T018: 1, 2, 6, 44, 262, 1692, 11484, 75672, 512838, 3567212, 25041076, 177630312, 1270305436, 9137571224, 66110170104, 480738368304, 3510768608838
T019: 1, 2, -42, -268, 4102, 48252, -427076, -8762584, 34521414, 1516708844, 550563604, -237286057512, -1148340107108, 30360888716888, 334572539297208, -2103313920290992, -63124636557771194
T020: 1, 2, 6, 20, 70, 132, -516, -11688, -121530, -1009780, -7396124, -49649928, -307791524, -1750730200, -8865580200, -36472324240, -76664063930
T021: 1, 2, 6, 68, 454, 3132, 25164, 191592, 1536966, 12886508, 106943476, 902302392, 7748295196, 66872844248, 582090260184, 5107033557456, 45038606323782
T022: 1, 2, 6, -124, -1082, -8388, 18924, 709032, 10681542, 61689836, -31601804, -9386157768, -130579087844, -1108496331304, 33546284568, 135404471775312, 2406456056751174
T023: 1, 2, 6, -52, -506, -4068, -8976, 91632, 2172006, 19438508, 112887076, -187117368, -11632528244, -158632550152, -1174893175296, -2567733040224, 78369501343302
T024: 1, 2, -26, -172, 1222, 16892, -30116, -1420312, -3861434, 86454764, 756269044, -866542312, -65347264484, -702098444968, -114853480712, 116511998786768, 1142670511458886
T025: 1, 2, 6, 20, 198, 1532, 12444, 93032, 690246, 5016044, 38569396, 311253912, 2581526556, 21377684824, 176469810040, 1457046422480, 12112199866950
