=== window 4 ===
T01: 1, 2, -2, -28
T05: 1, 2, 10, 44
T06: 1, 2, 6, 20
T10: 1, 2, -10, -76
T13: 1, 2, 6, 26
T15: 1, 2, 6, 20
T16: 1, 2, 6, 56
T17: 1, 2, 6, 20
T18: 1, 2, -2, -28
T19: 1, 2, 10, 44
T20: 1, 2, 22, 116
T21: 1, 2, 6, 20
T22: 1, 2, 6, 20
T23: 1, 2, -2, -28
T24: 1, 2, 10, 44
=== window 5 ===
T01: 1, 2, 6, -16, -218
T02: 1, 2, 6, 38, 214
T03: 1, 2, 6, 20, 70
T04: 1, 2, 2, -4, -38
T05: 1, 2, 6, 20, 86
T08: 1, 2, 6, 20, 102
T09: 1, 2, -2, -28, -122
T10: 1, 2, 6, 26, 118
T11: 1, 2, 6, 20, 102
T12: 1, 2, 22, 116, 1222
T13: 1, 2, 6, -16, -218
T14: 1, 2, 6, 26, 118
T15: 1, 2, 8, 32, 148
T18: 1, 2, 6, 32, 166
T20: 1, 2, 14, 68, 502
T21: 1, 2, 6, 38, 214
T23: 1, 2, 6, 20, 86
T24: 1, 2, 6, 56, 358
=== window 6 ===
T01: 1, 2, 6, 20, 134, 892
T02: 1, 2, 22, 116, 1222, 9212
T04: 1, 2, 6, 20, 78, 332
T05: 1, 2, -2, -28, -74, 92
T06: 1, 2, 6, 32, 166, 972
T07: 1, 2, 6, 2, -74, -828
T08: 1, 2, 6, 20, 102, 572
T10: 1, 2, 6, 11, -2, -288
T11: 1, 2, 8, 32, 148, 712
T12: 1, 2, 6, 29, 142, 792
T13: 1, 2, 6, 2, -74, -828
T15: 1, 2, 6, 20, 70, 257
T18: 1, 2, -10, -76, 70, 2812
T19: 1, 2, 8, 32, 148, 712
T20: 1, 2, 6, 38, 214, 1332
T21: 1, 2, 6, 20, 134, 892
T22: 1, 2, 6, 20, 70, 262
T23: 1, 2, 6, -16, -218, -1908
T24: 1, 2, 6, 20, 134, 892
T25: 1, 2, 6, -16, -218, -1908
=== window 7 ===
T01: 1, 2, 6, 20, 134, 892, 6684
T02: 1, 2, 10, 44, 238, 1292, 7444
T03: 1, 2, 6, 20, 6, -388, -4836
T04: 1, 2, 6, 20, 6, -388, -4836
T05: 1, 2, 6, 23, 94, 432, 2139
T06: 1, 2, 6, 20, 70, 302, 1524
T07: 1, 2, 6, 23, 94, 432, 2139
T10: 1, 2, -2, -28, -74, 92, 2284
T11: 1, 2, 6, 20, 102, 572, 3804
T12: 1, 2, 6, 20, 86, 412, 2364
T13: 1, 2, 6, 20, 70, 257, 984
T14: 1, 2, 2, -4, -38, -188, -436
T15: 1, 2, 14, 68, 502, 3292, 25484
T16: 1, 2, 6, -16, -218, -1908, -9876
T17: 1, 2, 8, 32, 148, 712, 3584
T18: 1, 2, -2, -28, -74, 92, 2284
T19: 1, 2, 6, 20, 6, -388, -4836
T20: 1, 2, 6, 32, 166, 972, 5964
T21: 1, 2, 6, 20, 134, 892, 6684
T23: 1, 2, -2, -28, -74, 92, 2284
T24: 1, 2, 6, 20, 86, 412, 2364
T25: 1, 2, 6, -16, -218, -1908, -9876
=== window 10 ===
T01: 1, 2, 6, 14, 22, -108, -1416, -10428, -61722, -316948
T02: 1, 2, 10, 44, 250, 1412, 8764, 55400, 364858, 2446100
T03: 1, 2, 6, 20, 70, 302, 1524, 9732, 68870, 489620
T04: 1, 2, -2, -28, -74, 92, 2284, 17096, 52294, -332308
T05: 1, 2, 6, 38, 214, 1332, 9024, 60132, 418086, 3014156
T06: 1, 2, 6, 17, 46, 72, -261, -3708, -26946, -159112
T07: 1, 2, 8, 32, 148, 712, 3584, 18496, 97444, 521096
T08: 1, 2, 6, 20, 134, 892, 6684, 48232, 339014, 2306540
T09: 1, 2, 6, 20, 70, 257, 984, 4062, 18470, 92720
T10: 1, 2, 6, 20, 74, 292, 1284, 6232, 32498, 176132
T11: 1, 2, -2, -28, -122, -388, -116, 10376, 79174, 280556
T12: 1, 2, 4, 8, 4, -88, -656, -3232, -12764, -40312
T13: 1, 2, 6, 26, 118, 612, 3384, 18972, 107622, 615788
T14: 1, 2, 6, -16, -218, -1908, -9876, -34368, 109638, 2850860
T15: 1, 2, 6, 20, 134, 892, 6684, 48232, 339014, 2306540
T16: 1, 2, 6, 20, 70, 257, 984, 4062, 18470, 92720
T17: 1, 2, 2, -4, -38, -188, -436, 1864, 23482, 113684
T18: 1, 2, 6, 17, 46, 72, -261, -3708, -26946, -159112
T19: 1, 2, 6, 20, 70, 277, 1224, 6582, 40870, 269120
T20: 1, 2, 6, 20, 54, 92, -516, -7768, -65082, -451348
T21: 1, 2, 6, 17, 46, 72, -261, -3708, -26946, -159112
T22: 1, 2, 22, 116, 1222, 9212, 95164, 849704, 8804422, 85901804
T23: 1, 2, 6, 20, 70, 152, -276, -9168, -99130, -833380
T24: 1, 2, 10, 44, 250, 1412, 8764, 55400, 364858, 2446100
T25: 1, 2, 4, 8, 4, -88, -656, -3232, -12764, -40312
=== window 12 ===
T01: 1, 2, 6, 2, -74, -828, -5376, -28068, -89946, 107084, 4872676, 48635292
T02: 1, 2, 6, 23, 94, 432, 2139, 10992, 57726, 306752, 1642456, 8850162
T03: 1, 2, 6, 20, 70, 152, -276, -9168, -99130, -833380, -6133244, -41270568
T04: 1, 2, 6, 20, 70, 277, 1224, 6582, 40870, 269120, 1774381, 11422182
T05: 1, 2, 6, 20, 74, 292, 1284, 6232, 32498, 176132, 968476, 5328072
T06: 1, 2, 6, 20, 54, 92, -516, -7768, -65082, -451348, -2798924, -15937128
T07: 1, 2, 8, 32, 148, 712, 3584, 18496, 97444, 521096, 2820448, 15414016
T08: 1, 2, 6, 20, 70, 152, -276, -9168, -99130, -833380, -6133244, -41270568
T09: 1, 2, 6, 20, 102, 572, 3804, 25832, 172806, 1121132, 7240756, 47296152
T10: 1, 2, 6, 20, 54, 92, -516, -7768, -65082, -451348, -2798924, -15937128
T11: 1, 2, 6, 20, 70, 257, 984, 4062, 18470, 92720, 502321, 2840862
T12: 1, 2, 6, 20, 70, 262, 1044, 4692, 24070, 136820, 819976, 4978272
T13: 1, 2, 6, 20, 70, 262, 1044, 4692, 24070, 136820, 819976, 4978272
T14: 1, 2, -10, -76, 70, 2812, 10364, -36440, -625082, -4067860, 25300, 338721880
T15: 1, 2, 6, 8, -26, -468, -3636, -22608, -116154, -484948, -1336844, 1390512
T16: 1, 2, 6, 26, 118, 612, 3384, 18972, 107622, 615788, 3551236, 20653932
T17: 1, 2, 8, 32, 148, 712, 3584, 18496, 97444, 521096, 2820448, 15414016
T18: 1, 2, 6, 20, 70, 152, -276, -9168, -99130, -833380, -6133244, -41270568
T19: 1, 2, 6, 20, 6, -388, -4836, -41368, -288186, -1757716, -8846924, -30383208
T20: 1, 2, 6, 20, 70, 272, 1164, 5952, 35270, 225020, 1455556, 9259032
T21: 1, 2, 6, 20, 54, 92, -516, -7768, -65082, -451348, -2798924, -15937128
T22: 1, 2, 4, 8, 4, -88, -656, -3232, -12764, -40312, -84656, 49568
T23: 1, 2, -2, -28, -74, 92, 2284, 17096, 52294, -332308, -4410812, -16142344
T24: 1, 2, 6, 20, 70, 152, -276, -9168, -99130, -833380, -6133244, -41270568
T25: 1, 2, -2, -28, -74, 92, 2284, 17096, 52294, -332308, -4410812, -16142344
=== window 16 ===
T01: 1, 2, 6, 20, 86, 412, 2364, 14632, 91718, 564716, 3410356, 20304792, 120171836, 712276632, 4249954232, 25583924560
T02: 1, 2, 6, 20, 70, 152, -276, -9168, -99130, -833380, -6133244, -41270568, -256279844, -1460640400, -7423339400, -30821464480
T03: 1, 2, 6, 20, 54, 92, -516, -7768, -65082, -451348, -2798924, -15937128, -83717124, -400881128, -1683525320, -5485601200
T04: 1, 2, 6, 20, 54, 92, -516, -7768, -65082, -451348, -2798924, -15937128, -83717124, -400881128, -1683525320, -5485601200
T05: 1, 2, 6, -16, -218, -1908, -9876, -34368, 109638, 2850860, 29246836, 194361312, 766984156, -1661216776, -63646188264, -694932397056
T06: 1, 2, -2, -28, -122, -388, -116, 10376, 79174, 280556, -56252, -7525384, -53572196, -196577704, 8292184, 5615558672
T07: 1, 2, 6, 20, 86, 412, 2364, 14632, 91718, 564716, 3410356, 20304792, 120171836, 712276632, 4249954232, 25583924560
T08: 1, 2, 6, 20, 70, 277, 1224, 6582, 40870, 269120, 1774381, 11422182, 71459656, 436075850, 2615439350, 15558312145
T09: 1, 2, 6, 20, 6, -388, -4836, -41368, -288186, -1757716, -8846924, -30383208, 26534556, 1773332056, 21319358584, 187373654480
T10: 1, 2, 6, 26, 118, 612, 3384, 18972, 107622, 615788, 3551236, 20653932, 121073836, 714640136, 4243047696, 25317962136
T11: 1, 2, -2, -28, -122, -388, -116, 10376, 79174, 280556, -56252, -7525384, -53572196, -196577704, 8292184, 5615558672
T12: 1, 2, 6, 8, -26, -468, -3636, -22608, -116154, -484948, -1336844, 1390512, 55725916, 523978808, 3591431640, 20080889568
T13: 1, 2, 6, -16, -218, -1908, -9876, -34368, 109638, 2850860, 29246836, 194361312, 766984156, -1661216776, -63646188264, -694932397056
T14: 1, 2, 6, 17, 46, 72, -261, -3708, -26946, -159112, -831944, -3946578, -16947509, -63971698, -192594060, -269875503
T15: 1, 2, 6, 20, 86, 412, 2364, 14632, 91718, 564716, 3410356, 20304792, 120171836, 712276632, 4249954232, 25583924560
T16: 1, 2, 6, 29, 142, 792, 4749, 28632, 177678, 1132220, 7339936, 48341262, 322362781, 2170581194, 14740612956, 100850898069
T17: 1, 2, 6, 20, 6, -388, -4836, -41368, -288186, -1757716, -8846924, -30383208, 26534556, 1773332056, 21319358584, 187373654480
T18: 1, 2, 6, 20, 54, 92, -516, -7768, -65082, -451348, -2798924, -15937128, -83717124, -400881128, -1683525320, -5485601200
T19: 1, 2, 6, 20, 70, 352, 2124, 16032, 124870, 930620, 6567556, 44107032, 287348956, 1852097600, 12044108600, 80169488320
T20: 1, 2, 6, 20, 70, 152, -276, -9168, -99130, -833380, -6133244, -41270568, -256279844, -1460640400, -7423339400, -30821464480
T21: 1, 2, 6, 20, 54, 92, -516, -7768, -65082, -451348, -2798924, -15937128, -83717124, -400881128, -1683525320, -5485601200
T22: 1, 2, -2, -28, -122, -388, -116, 10376, 79174, 280556, -56252, -7525384, -53572196, -196577704, 8292184, 5615558672
T23: 1, 2, 6, 20, 70, 257, 984, 4062, 18470, 92720, 502321, 2840862, 16312696, 93476450, 529955950, 2963283335
T24: 1, 2, 6, 20, 86, 412, 2364, 14632, 91718, 564716, 3410356, 20304792, 120171836, 712276632, 4249954232, 25583924560
T25: 1, 2, 6, 20, 70, 152, -276, -9168, -99130, -833380, -6133244, -41270568, -256279844, -1460640400, -7423339400, -30821464480
